0.000000000000000000e+00 0.000000000000000000e+00 0.000000000000000000e+00
2.857614649710000024e-02 5.892187550729999701e-04 3.099578054439999786e-03
5.715229299429999688e-02 1.252569679019999984e-03 6.615594251780000309e-03
8.572843949139999364e-02 1.975983123300000151e-03 1.047976503759999976e-02
1.143045859889999932e-01 2.741367503830000052e-03 1.460203359680000042e-02
1.428807324860000005e-01 3.529558913980000105e-03 1.888466632240000040e-02
1.714568789829999940e-01 4.322350771260000286e-03 2.323279831170000156e-02
2.000330254799999874e-01 5.104038376909999716e-03 2.756220851290000148e-02
2.286091719770000086e-01 5.862132991720000325e-03 3.180283036510000300e-02
2.571853184740000020e-01 6.587001808760000257e-03 3.589731119910000157e-02
2.857614649710000232e-01 7.271611524890000261e-03 3.979931057339999856e-02
3.143376114690000223e-01 7.911069433590000449e-03 4.347086658259999986e-02
3.429137579659999879e-01 8.501955792530000236e-03 4.687914009750000083e-02
3.714899044630000091e-01 9.042248905559999508e-03 4.999565063550000243e-02
4.000660509599999748e-01 9.531415281070000287e-03 5.279657637860000335e-02
4.286421974569999960e-01 9.970536707089999728e-03 5.526373067569999992e-02
4.572183439540000172e-01 1.036216120339999991e-02 5.738506273110000055e-02
4.857944904509999828e-01 1.071037673449999963e-02 5.915639108460000323e-02
5.143706369489999819e-01 1.102077173979999943e-02 6.058291312760000213e-02
5.429467834460000031e-01 1.129993174959999930e-02 6.167887594259999912e-02
5.715229299430000243e-01 1.155491762380000086e-02 6.246661275979999844e-02
6.000990764400000455e-01 1.179309824259999924e-02 6.297601602850000369e-02
6.286752229369999556e-01 1.202134558319999970e-02 6.324073351770000129e-02
6.572513694339999768e-01 1.224622959970000056e-02 6.329725774970000607e-02
6.858275159309999980e-01 1.247419227880000071e-02 6.318364464339999709e-02
7.144036624280000192e-01 1.271104857129999946e-02 6.293602729479999547e-02
7.429798089260000182e-01 1.296304254359999936e-02 6.259150318839999672e-02
7.715559554230000394e-01 1.323667757560000047e-02 6.218743352080000064e-02
8.001321019199999496e-01 1.353888344880000046e-02 6.176268164470000155e-02
8.287082484169999708e-01 1.387687979040000061e-02 6.135802104230000248e-02
8.572843949139999919e-01 1.425791550820000066e-02 6.101580263269999749e-02
8.858605414110000131e-01 1.468911161330000055e-02 6.077921330970000036e-02
9.144366879080000343e-01 1.517754930700000032e-02 6.069133750720000220e-02
9.430128344060000334e-01 1.572996661259999998e-02 6.079170451330000169e-02
9.715889809030000546e-01 1.635323168929999835e-02 6.111477956450000332e-02
1.000165127400000076e+00 1.705459527000000031e-02 6.168719211640000255e-02
1.028741273899999920e+00 1.784156467780000088e-02 6.252360351609999312e-02
1.057317420389999985e+00 1.872270643779999980e-02 6.362654775249999839e-02
1.085893566890000050e+00 1.970755371559999858e-02 6.498407226209999832e-02
1.114469713389999894e+00 2.080705992059999829e-02 6.657094782099999553e-02
1.143045859889999960e+00 2.203379876599999981e-02 6.835088889160000070e-02
1.171622006380000025e+00 2.340184442800000153e-02 7.027975785539999909e-02
1.200198152880000091e+00 2.492698614569999888e-02 7.231193649700000392e-02
1.228774299379999935e+00 2.662632887359999909e-02 7.440576520250000159e-02
1.257350445870000000e+00 2.851800932029999874e-02 7.652962565500000258e-02
1.285926592370000066e+00 3.062029836130000099e-02 7.866462113149999547e-02
1.314502738869999909e+00 3.295113660409999812e-02 8.080664752070000623e-02
1.343078885369999975e+00 3.552759353079999738e-02 8.296558515520000010e-02
1.371655031860000040e+00 3.836504723729999844e-02 8.516154371190000349e-02
1.400231178360000106e+00 4.147604077750000062e-02 8.741944164989999544e-02
1.428807324859999950e+00 4.486842645809999836e-02 8.976208910440000577e-02
1.457383471350000015e+00 4.854428692220000285e-02 9.220802257349999809e-02
1.485959617850000081e+00 5.249797591279999759e-02 9.476724422649999979e-02
1.514535764349999925e+00 5.671529666379999945e-02 9.744005104769999648e-02
1.543111910849999990e+00 6.117477141500000243e-02 1.002199986530000059e-01
1.571688057340000055e+00 6.584998283029999677e-02 1.030955137470000033e-01
1.600264203839999899e+00 7.071350178089999550e-02 1.060527925029999957e-01
1.628840350339999965e+00 7.574154742739999668e-02 1.090800303760000034e-01
1.657416496830000030e+00 8.091643589720000362e-02 1.121667512839999992e-01
1.685992643330000096e+00 8.622789814539999487e-02 1.153065483149999931e-01
1.714568789829999940e+00 9.167064660429999345e-02 1.184957671349999991e-01
1.743144936330000005e+00 9.723973131280000404e-02 1.217327070020000068e-01
1.771721082820000071e+00 1.029246095890000018e-01 1.250167505900000031e-01
1.800297229319999914e+00 1.087035795129999982e-01 1.283478754840000069e-01
1.828873375819999980e+00 1.145397794689999998e-01 1.317252340529999899e-01
1.857449522310000045e+00 1.203802525199999945e-01 1.351463500500000026e-01
1.886025668810000111e+00 1.261583307720000047e-01 1.386065829429999896e-01
1.914601815309999955e+00 1.317990064540000006e-01 1.420993320439999930e-01
1.943177961810000021e+00 1.372259748480000041e-01 1.456162103149999942e-01
1.971754108300000086e+00 1.423689982520000008e-01 1.491473768129999988e-01
2.000330254800000152e+00 1.471705960930000112e-01 1.526830813689999955e-01
2.028906401299999995e+00 1.515906766439999998e-01 1.562139945890000103e-01
2.057482547789999838e+00 1.556093705759999946e-01 1.597319620190000011e-01
2.086058694290000126e+00 1.592282410099999934e-01 1.632302999949999944e-01
2.114634840789999970e+00 1.624702483640000084e-01 1.667032957179999941e-01
2.143210987289999814e+00 1.653792866400000117e-01 1.701464147020000095e-01
2.171787133780000101e+00 1.680197212170000121e-01 1.735587453440000094e-01
2.200363280279999945e+00 1.704746351539999927e-01 1.769431804699999888e-01
2.228939426779999788e+00 1.728431239919999973e-01 1.803063388610000040e-01
2.257515573270000075e+00 1.752372570329999990e-01 1.836605133829999903e-01
2.286091719769999919e+00 1.777779842899999962e-01 1.870234573479999940e-01
2.314667866270000207e+00 1.805908460810000116e-01 1.904179412110000025e-01
2.343244012770000051e+00 1.838010865960000018e-01 1.938694019109999944e-01
2.371820159259999894e+00 1.875285901089999985e-01 1.974055621390000126e-01
2.400396305760000182e+00 1.918803965210000018e-01 2.010535928899999936e-01
2.428972452260000026e+00 1.969398362479999887e-01 2.048357750650000031e-01
2.457548598749999869e+00 2.027520160450000108e-01 2.087644119919999930e-01
2.486124745250000156e+00 2.093073850480000053e-01 2.128381174229999895e-01
2.514700891750000000e+00 2.165260236309999864e-01 2.170371130479999966e-01
2.543277038249999844e+00 2.242486977270000126e-01 2.213226225730000052e-01
2.571853184740000131e+00 2.322391937530000061e-01 2.256389622960000008e-01
2.600429331239999975e+00 2.402013600139999983e-01 2.299206227870000119e-01
2.629005477739999819e+00 2.478091374480000109e-01 2.341017133480000068e-01
2.657581624230000106e+00 2.547438738389999902e-01 2.381251919830000008e-01
2.686157770729999950e+00 2.607314671220000157e-01 2.419528945059999936e-01
2.714733917229999793e+00 2.655701838639999979e-01 2.455703892430000090e-01
2.743310063730000081e+00 2.691446888769999934e-01 2.489882805620000084e-01
2.771886210219999924e+00 2.714251815479999941e-01 2.522389148320000052e-01
2.800462356720000212e+00 2.724550922530000197e-01 2.553708507179999754e-01
2.829038503220000056e+00 2.723322179339999760e-01 2.584417567980000219e-01
2.857614649709999899e+00 2.711881888289999765e-01 2.615108815609999970e-01
2.886190796210000187e+00 2.691705192669999747e-01 2.646344870919999925e-01
2.914766942710000031e+00 2.664282646289999890e-01 2.678615848409999778e-01
2.943343089209999874e+00 2.631028489680000138e-01 2.712341396169999919e-01
2.971919235700000161e+00 2.593227004020000059e-01 2.747872603689999749e-01
3.000495382200000005e+00 2.552016583030000119e-01 2.785517701729999795e-01
3.029071528699999849e+00 2.508392430679999840e-01 2.825549261070000040e-01
3.057647675190000136e+00 2.463219810770000129e-01 2.868203882559999807e-01
3.086223821689999980e+00 2.417249118829999932e-01 2.913676554030000254e-01
3.114799968189999824e+00 2.371124413750000104e-01 2.962106805599999948e-01
3.143376114690000112e+00 2.325389339970000135e-01 3.013581891309999872e-01
3.171952261179999955e+00 2.280489576120000028e-01 3.068146578020000126e-01
3.200528407679999798e+00 2.236771981360000106e-01 3.125802229529999754e-01
3.229104554180000086e+00 2.194485902040000103e-01 3.186497972799999800e-01
3.257680700669999929e+00 2.153792349089999891e-01 3.250126443899999940e-01
3.286256847170000217e+00 2.114781061459999889e-01 3.316525550709999992e-01
3.314832993670000061e+00 2.077499454560000069e-01 3.385514663620000086e-01
3.343409140169999905e+00 2.041981738670000102e-01 3.456937746989999782e-01
3.371985286660000192e+00 2.008268538150000115e-01 3.530689668540000214e-01
3.400561433160000036e+00 1.976415033939999955e-01 3.606728415900000151e-01
3.429137579659999879e+00 1.946485249740000090e-01 3.685061496870000175e-01
3.457713726150000166e+00 1.918540011110000110e-01 3.765725546989999728e-01
3.486289872650000010e+00 1.892631203300000065e-01 3.848795311229999960e-01
3.514866019149999854e+00 1.868805415700000028e-01 3.934420569379999955e-01
3.543442165650000142e+00 1.847109307260000055e-01 4.022854067100000153e-01
3.572018312139999985e+00 1.827597287480000054e-01 4.114474711100000182e-01
3.600594458639999829e+00 1.810342600859999873e-01 4.209816034709999988e-01
3.629170605140000117e+00 1.795439406949999872e-01 4.309557891090000092e-01
3.657746751629999959e+00 1.783006618390000075e-01 4.414531261279999730e-01
3.686322898129999803e+00 1.773200138500000134e-01 4.525762812560000237e-01
3.714899044630000091e+00 1.766213521199999914e-01 4.644477198140000151e-01
3.743475191129999935e+00 1.762277572289999983e-01 4.772095552169999810e-01
3.772051337620000222e+00 1.761660065710000111e-01 4.910233116370000261e-01
3.800627484120000066e+00 1.764660053409999874e-01 5.060677235980000077e-01
3.829203630619999910e+00 1.771588104980000022e-01 5.225316948189999700e-01
3.857779777110000197e+00 1.782725808910000098e-01 5.406002278289999685e-01
3.886355923610000040e+00 1.798247631429999993e-01 5.604267129790000412e-01
3.914932070109999884e+00 1.818113570390000044e-01 5.820948102049999795e-01
3.943508216610000172e+00 1.841941591990000071e-01 6.055717066869999998e-01
3.972084363100000015e+00 1.868903034419999998e-01 6.306688650830000187e-01
4.000660509600000303e+00 1.897689031900000045e-01 6.570273453939999841e-01
4.029236656100000147e+00 1.926583792959999930e-01 6.841406223720000179e-01
4.057812802589999990e+00 1.953667846009999876e-01 7.114244591320000310e-01
4.086388949089999834e+00 1.977105811229999954e-01 7.383164268299999833e-01
4.114965095589999677e+00 1.995440393019999870e-01 7.643755917050000237e-01
4.143541242090000409e+00 2.007802531500000043e-01 7.893476891589999989e-01
4.172117388580000252e+00 2.013971462899999953e-01 8.131694282189999567e-01
4.200693535080000096e+00 2.014277222599999972e-01 8.359076195689999489e-01
4.229269681579999940e+00 2.009391045539999920e-01 8.576497313280000423e-01
4.257845828069999783e+00 2.000092781960000066e-01 8.783823493910000169e-01
4.286421974569999627e+00 1.987086723840000013e-01 8.978907531780000451e-01
4.314998121070000359e+00 1.970906079870000105e-01 9.157061232600000045e-01
4.343574267570000202e+00 1.951909142990000123e-01 9.311160783549999875e-01
4.372150414060000045e+00 1.930337581940000102e-01 9.432402600000000525e-01
4.400726560559999889e+00 1.906394973820000061e-01 9.511588569960000017e-01
4.429302707059999733e+00 1.880315685589999952e-01 9.540722769030000050e-01
4.457878853549999576e+00 1.852404720780000125e-01 9.514578331959999691e-01
4.486455000050000308e+00 1.823046667519999942e-01 9.431867185129999553e-01
4.515031146550000152e+00 1.792688164390000005e-01 9.295698367870000034e-01
4.543607293049999996e+00 1.761808924190000070e-01 9.113221979960000052e-01
4.572183439539999839e+00 1.730883096620000061e-01 8.894529509009999613e-01
4.600759586039999682e+00 1.700343022649999924e-01 8.651136124970000285e-01
4.629335732540000414e+00 1.670552259889999946e-01 8.394438611329999578e-01
4.657911879030000257e+00 1.641785383109999885e-01 8.134455969080000015e-01
4.686488025530000101e+00 1.614220773399999975e-01 7.879061480529999661e-01
4.715064172029999945e+00 1.587944099130000064e-01 7.633717958129999648e-01
4.743640318529999789e+00 1.562959094689999884e-01 7.401606603639999671e-01
4.772216465019999632e+00 1.539201854939999947e-01 7.183990476120000190e-01
4.800792611520000364e+00 1.516555777730000110e-01 6.980669552510000431e-01
4.829368758020000207e+00 1.494866958390000111e-01 6.790437248830000216e-01
4.857944904510000050e+00 1.473962404170000018e-01 6.611502077180000381e-01
4.886521051009999894e+00 1.453671589860000002e-01 6.441861175869999512e-01
4.915097197509999738e+00 1.433852219890000002e-01 6.279628772490000177e-01
4.943673344009999582e+00 1.414416722369999935e-01 6.123308417880000132e-01
4.972249490500000313e+00 1.395350928549999869e-01 5.971968409079999596e-01
5.000825637000000157e+00 1.376716892840000039e-01 5.825284927860000517e-01
5.029401783500000001e+00 1.358637184469999870e-01 5.683443454109999848e-01
5.057977929989999843e+00 1.341262484459999904e-01 5.546921139849999571e-01
5.086554076489999687e+00 1.324730753549999973e-01 5.416209909029999769e-01
5.115130222990000419e+00 1.309139125379999991e-01 5.291608802139999845e-01
5.143706369490000263e+00 1.294532435300000117e-01 5.173124136250000227e-01
5.172282515980000106e+00 1.280917260449999928e-01 5.060531444670000045e-01
5.200858662479999950e+00 1.268293039299999980e-01 4.953550003230000054e-01
5.229434808979999794e+00 1.256688709279999983e-01 4.852057643639999807e-01
5.258010955469999637e+00 1.246186674430000002e-01 4.756237413839999872e-01
5.286587101970000369e+00 1.236923810960000036e-01 4.666590395060000174e-01
5.315163248470000212e+00 1.229066106719999968e-01 4.583801061589999892e-01
5.343739394970000056e+00 1.222767296419999955e-01 4.508511067920000226e-01
5.372315541459999899e+00 1.218127139190000041e-01 4.441098345380000145e-01
5.400891687959999743e+00 1.215166002710000026e-01 4.381550795840000179e-01
5.429467834459999587e+00 1.213825461209999956e-01 4.329483885359999840e-01
5.458043980950000318e+00 1.213988193899999957e-01 4.284259999260000007e-01
5.486620127450000162e+00 1.215503708609999983e-01 4.245131207150000252e-01
5.515196273950000005e+00 1.218207059109999990e-01 4.211334898390000081e-01
5.543772420439999848e+00 1.221923379860000020e-01 4.182106848500000140e-01
5.572348566939999692e+00 1.226461479829999979e-01 4.156634363160000012e-01
5.600924713440000424e+00 1.231611281130000068e-01 4.134030275539999910e-01
5.629500859940000268e+00 1.237152795090000063e-01 4.113369316350000138e-01
5.658077006430000111e+00 1.242881473300000011e-01 4.093810299630000205e-01
5.686653152929999955e+00 1.248645304379999987e-01 4.074774242340000185e-01
5.715229299429999799e+00 1.254380843410000113e-01 4.056111086070000038e-01
5.743805445919999642e+00 1.260133424730000007e-01 4.038180085390000174e-01
5.772381592420000374e+00 1.266055056250000033e-01 4.021813409739999901e-01
5.800957738920000217e+00 1.272377839330000038e-01 4.008158892429999898e-01
5.829533885420000061e+00 1.279371957250000080e-01 3.998454559019999910e-01
5.858110031909999904e+00 1.287305184529999869e-01 3.993824459679999883e-01
5.886686178409999748e+00 1.296414980049999943e-01 3.995153512540000063e-01
5.915262324909999592e+00 1.306900526370000093e-01 4.003074631479999757e-01
5.943838471400000323e+00 1.318933624320000053e-01 4.018057274579999727e-01
5.972414617900000167e+00 1.332681614729999964e-01 4.040554673680000208e-01
6.000990764400000010e+00 1.348327205060000089e-01 4.071127285289999898e-01
6.029566910899999854e+00 1.366077430419999905e-01 4.110499622259999875e-01
6.058143057389999697e+00 1.386156435839999979e-01 4.159523208620000134e-01
6.086719203890000429e+00 1.408784017799999955e-01 4.219064199809999804e-01
6.115295350390000273e+00 1.434138428070000082e-01 4.289810186420000004e-01
6.143871496880000116e+00 1.462312323559999960e-01 4.372046836399999803e-01
6.172447643379999960e+00 1.493266038499999893e-01 4.465424059540000212e-01
6.201023789879999804e+00 1.526789308650000065e-01 4.568762248350000110e-01
6.229599936379999647e+00 1.562477997739999958e-01 4.679920223119999889e-01
6.258176082870000378e+00 1.599740612240000137e-01 4.795801814230000182e-01
6.286752229370000222e+00 1.637832002429999989e-01 4.912483515839999870e-01
6.315328375870000066e+00 1.675916046769999890e-01 5.025480869639999959e-01
6.343904522359999909e+00 1.713154124079999951e-01 5.130149029970000329e-01
6.372480668859999753e+00 1.748807869510000113e-01 5.222165727240000166e-01
6.401056815359999597e+00 1.782339489560000045e-01 5.298014362930000276e-01
6.429632961860000329e+00 1.813492558260000054e-01 5.355382922370000021e-01
6.458209108350000172e+00 1.842334399040000126e-01 5.393383868790000424e-01
6.486785254850000015e+00 1.869247935789999926e-01 5.412536350890000403e-01
6.515361401349999859e+00 1.894871681799999985e-01 5.414506682390000103e-01
6.543937547839999702e+00 1.920008815179999884e-01 5.401717057460000415e-01
6.572513694340000434e+00 1.945524814750000109e-01 5.376910956049999468e-01
6.601089840840000278e+00 1.972259775699999884e-01 5.342790423559999891e-01
6.629665987340000122e+00 2.000966059629999960e-01 5.301758594800000113e-01
6.658242133829999965e+00 2.032277122989999962e-01 5.255775161529999684e-01
6.686818280329999808e+00 2.066701799310000087e-01 5.206281146479999622e-01
6.715394426829999652e+00 2.104638498180000095e-01 5.154165418539999877e-01
6.743970573320000383e+00 2.146402702250000127e-01 5.099746778410000347e-01
6.772546719820000227e+00 2.192260684260000092e-01 5.042762383009999905e-01
6.801122866320000071e+00 2.242467453330000138e-01 4.982377230739999940e-01
6.829699012819999915e+00 2.297309767809999903e-01 4.917252684869999890e-01
6.858275159309999758e+00 2.357156534690000027e-01 4.845716475260000156e-01
6.886851305809999602e+00 2.422516750120000117e-01 4.766053333420000038e-01
6.915427452310000334e+00 2.494094550379999942e-01 4.676884007150000078e-01
6.944003598800000177e+00 2.572824480140000203e-01 4.577542429540000235e-01
6.972579745300000020e+00 2.659858841250000161e-01 4.468321865400000092e-01
7.001155891799999864e+00 2.756486363599999767e-01 4.350487568829999874e-01
7.029732038299999708e+00 2.863977535989999934e-01 4.226030715879999788e-01
7.058308184790000439e+00 2.983506974440000015e-01 4.097308093129999884e-01
7.086884331290000283e+00 3.115379628020000236e-01 3.966334963720000162e-01
7.115460477790000127e+00 3.259635410139999911e-01 3.834850825980000155e-01
7.144036624279999970e+00 3.415388026980000213e-01 3.703950170540000197e-01
7.172612770779999813e+00 3.580941492040000118e-01 3.574241917920000233e-01
7.201188917279999657e+00 3.753894950980000145e-01 3.446062194889999986e-01
7.229765063780000389e+00 3.931357611110000150e-01 3.319699463860000255e-01
7.258341210270000232e+00 4.110237341349999851e-01 3.195549110220000100e-01
7.286917356770000076e+00 4.287553697070000114e-01 3.074166044200000170e-01
7.315493503269999920e+00 4.460718816779999929e-01 2.956227836179999846e-01
7.344069649759999763e+00 4.627738656800000072e-01 2.842446364219999855e-01
7.372645796259999607e+00 4.787308289259999960e-01 2.733468711600000045e-01
7.401221942760000339e+00 4.938799536210000118e-01 2.629801768069999768e-01
7.429798089260000182e+00 5.082157425169999687e-01 2.531774306519999906e-01
7.458374235750000025e+00 5.217731389130000341e-01 2.439537451269999935e-01
7.486950382249999869e+00 5.346057376509999459e-01 2.353088612229999876e-01
7.515526528749999713e+00 5.467596812130000039e-01 2.272299005660000093e-01
7.544102675240000444e+00 5.582426990329999450e-01 2.196922604969999970e-01
7.572678821740000288e+00 5.689886521370000061e-01 2.126573662519999908e-01
7.601254968240000132e+00 5.788206232989999700e-01 2.060673204129999936e-01
7.629831114739999975e+00 5.874203676079999825e-01 1.998384459650000000e-01
7.658407261229999818e+00 5.943160638850000232e-01 1.938570125469999961e-01
7.686983407729999662e+00 5.989015244069999522e-01 1.879809706410000003e-01
7.715559554230000394e+00 6.004955256359999494e-01 1.820503546820000096e-01
7.744135700720000237e+00 5.984394454870000102e-01 1.759063521010000020e-01
7.772711847220000081e+00 5.922177116810000141e-01 1.694157428120000031e-01
7.801287993719999925e+00 5.815738557570000467e-01 1.624947671799999993e-01
7.829864140219999769e+00 5.666562833449999559e-01 1.551435982140000058e-01
7.858440286709999612e+00 5.478555988359999906e-01 1.473998166720000003e-01
7.887016433210000343e+00 5.259147490359999955e-01 1.393737126069999888e-01
7.915592579710000187e+00 5.018090339840000080e-01 1.312227741939999970e-01
7.944168726200000030e+00 4.765951987379999921e-01 1.231212866999999989e-01
7.972744872699999874e+00 4.512795934709999957e-01 1.152356596729999932e-01
8.001321019200000606e+00 4.267136220070000263e-01 1.077052430149999934e-01
8.029897165699999562e+00 4.035318483220000085e-01 1.006311924589999990e-01
8.058473312189999405e+00 3.821351991640000167e-01 9.407349354520000428e-02
8.087049458690000137e+00 3.627113300939999729e-01 8.805446824460000377e-02
8.115625605190000869e+00 3.452786460530000157e-01 8.256625559140000348e-02
8.144201751680000712e+00 3.297397545510000194e-01 7.757978645620000613e-02
8.172777898179999667e+00 3.159323130319999784e-01 7.305327283790000181e-02
8.201354044680000399e+00 3.036696402430000274e-01 6.893903134499999863e-02
8.229930191179999355e+00 2.927676735429999844e-01 6.518819473970000056e-02
8.258506337669999198e+00 2.830586426719999826e-01 6.175347986640000036e-02
8.287082484169999930e+00 2.743944770319999837e-01 5.859057598169999798e-02
8.315658630670000662e+00 2.666440748610000022e-01 5.565880940799999843e-02
8.344234777160000505e+00 2.596885180990000097e-01 5.292163371769999930e-02
8.372810923659999460e+00 2.534311189419999888e-01 5.034996117240000263e-02
8.401387070160000192e+00 2.477770316519999905e-01 4.791877139140000158e-02
8.429963216659999148e+00 2.426134070850000102e-01 4.560379708500000157e-02
8.458539363150000767e+00 2.378555076549999925e-01 4.339028085359999953e-02
8.487115509649999723e+00 2.334317374969999970e-01 4.126895767270000182e-02
8.515691656150000455e+00 2.292851074829999891e-01 3.923510363760000091e-02
8.544267802640000298e+00 2.253728648530000100e-01 3.728727584509999859e-02
8.572843949139999253e+00 2.216645497249999930e-01 3.542603605019999796e-02
8.601420095639999985e+00 2.181390242879999997e-01 3.365288978300000344e-02
8.629996242140000717e+00 2.147812931879999887e-01 3.196956518690000082e-02
8.658572388630000560e+00 2.115798368490000025e-01 3.037762333330000161e-02
8.687148535129999516e+00 2.085246608799999901e-01 2.887828646730000032e-02
8.715724681630000248e+00 2.056061528800000038e-01 2.747236462130000015e-02
8.744300828120000091e+00 2.028145083969999929e-01 2.616018838359999987e-02
8.772876974620000823e+00 2.001395284930000129e-01 2.494151319160000171e-02
8.801453121119999778e+00 1.975706011059999989e-01 2.381542216580000149e-02
8.830029267620000510e+00 1.950967775540000115e-01 2.278026586640000128e-02
8.858605414110000353e+00 1.927069352100000132e-01 2.183367271910000018e-02
8.887181560609999309e+00 1.903899652040000057e-01 2.097263388869999995e-02
8.915757707110000041e+00 1.881348934669999917e-01 2.019362679590000140e-02
8.944333853599999884e+00 1.859309049429999916e-01 1.949273850870000130e-02
8.972910000100000616e+00 1.837671905590000099e-01 1.886574694790000076e-02
9.001486146599999572e+00 1.816327181700000126e-01 1.830814744259999863e-02
9.030062293100000304e+00 1.795160015879999904e-01 1.781513631109999871e-02
9.058638439590000146e+00 1.774049855719999902e-01 1.738157771060000120e-02
9.087214586090000878e+00 1.752871734550000005e-01 1.700199434269999976e-02
9.115790732589999834e+00 1.731499638990000034e-01 1.667059541549999885e-02
9.144366879079999677e+00 1.709811811999999986e-01 1.638135965130000163e-02
9.172943025580000409e+00 1.687696745239999907e-01 1.612815819610000090e-02
9.201519172079999365e+00 1.665059231749999868e-01 1.590490716640000080e-02
9.230095318580000097e+00 1.641825434820000096e-01 1.570572634049999944e-02
9.258671465069999940e+00 1.617946921510000080e-01 1.552508681139999971e-02
9.287247611570000672e+00 1.593403313700000046e-01 1.535793528169999977e-02
9.315823758069999627e+00 1.568203175089999957e-01 1.519978379619999972e-02
9.344399904559999470e+00 1.542383255860000080e-01 1.504676353529999996e-02
9.372976051060000202e+00 1.516005846119999889e-01 1.489564117399999957e-02
9.401552197559999158e+00 1.489154522670000091e-01 1.474380208770000034e-02
9.430128344059999890e+00 1.461928594269999993e-01 1.458920459390000007e-02
9.458704490549999733e+00 1.434436901349999960e-01 1.443031487950000025e-02
9.487280637050000465e+00 1.406791142680000051e-01 1.426602542179999933e-02
9.515856783549999420e+00 1.379099644769999911e-01 1.409557423890000008e-02
9.544432930039999263e+00 1.351461708770000103e-01 1.391847643139999986e-02
9.573009076539999995e+00 1.323963269629999939e-01 1.373448011489999954e-02
9.601585223040000727e+00 1.296674482159999864e-01 1.354355988140000001e-02
9.630161369539999683e+00 1.269649492949999903e-01 1.334594021489999942e-02
9.658737516029999526e+00 1.242928658600000041e-01 1.314214295050000064e-02
9.687313662530000258e+00 1.216542838840000001e-01 1.293303852069999961e-02
9.715889809029999213e+00 1.190519291369999955e-01 1.271989227039999927e-02
9.744465955520000833e+00 1.164888400759999942e-01 1.250439380590000031e-02
9.773042102019999788e+00 1.139690207649999981e-01 1.228866936449999996e-02
9.801618248520000520e+00 1.114979803110000001e-01 1.207527213469999916e-02
9.830194395019999476e+00 1.090830388399999934e-01 1.186714375689999941e-02
9.858770541509999319e+00 1.067333079919999955e-01 1.166753470410000076e-02
9.887346688010000051e+00 1.044593014310000040e-01 1.147987561530000068e-02
9.915922834510000783e+00 1.022721742339999934e-01 1.130759893720000020e-02
9.944498981000000626e+00 1.001827051129999951e-01 1.115392812220000057e-02
9.973075127499999581e+00 9.820018161610000185e-02 1.102166390580000023e-02
1.000165127400000031e+01 9.633141356469999972e-02 1.091300126190000025e-02
1.003022742049999927e+01 9.458005109469999616e-02 1.082940835529999993e-02
1.005880356700000000e+01 9.294634167470000596e-02 1.077158002160000065e-02
1.008737971350000073e+01 9.142737828789999910e-02 1.073947127189999948e-02
1.011595585999999969e+01 9.001772269270000293e-02 1.073239029779999958e-02
1.014453200650000042e+01 8.871032208019999366e-02 1.074913278890000067e-02
1.017310815299999938e+01 8.749750111949999853e-02 1.078813161750000020e-02
1.020168429950000011e+01 8.637188176030000109e-02 1.084760090020000026e-02
1.023026044600000084e+01 8.532710775419999338e-02 1.092566134260000016e-02
1.025883659249999980e+01 8.435832537210000148e-02 1.102044390190000042e-02
1.028741273900000053e+01 8.346242843880000151e-02 1.113016967000000045e-02
1.031598888549999948e+01 8.263812942350000357e-02 1.125321165800000078e-02
1.034456503200000022e+01 8.188592662009999690e-02 1.138813407829999957e-02
1.037314117849999917e+01 8.120805290549999722e-02 1.153371225740000040e-02
1.040171732499999990e+01 8.060841126050000138e-02 1.168892390520000039e-02
1.043029347150000063e+01 8.009253062750000540e-02 1.185292054609999972e-02
1.045886961799999959e+01 7.966747058999999742e-02 1.202498098739999965e-02
1.048744576450000032e+01 7.934164742429999917e-02 1.220446795769999926e-02
1.051602191089999927e+01 7.912455616690000637e-02 1.239080662319999929e-02
1.054459805740000000e+01 7.902641726820000545e-02 1.258350128340000006e-02
1.057317420390000073e+01 7.905776557490000467e-02 1.278218886870000071e-02
1.060175035039999969e+01 7.922912773040000078e-02 1.298672206020000039e-02
1.063032649690000042e+01 7.955081197280000627e-02 1.319724564960000034e-02
1.065890264339999938e+01 8.003285352099999417e-02 1.341423844969999966e-02
1.068747878990000011e+01 8.068504526639999619e-02 1.363848686000000004e-02
1.071605493640000084e+01 8.151693904489999698e-02 1.387098226659999947e-02
1.074463108289999980e+01 8.253764886129999478e-02 1.411274614959999972e-02
1.077320722940000053e+01 8.375532876249999759e-02 1.436460588119999916e-02
1.080178337589999948e+01 8.517624869459999859e-02 1.462694710599999996e-02
1.083035952240000022e+01 8.680349978050000415e-02 1.489946711780000023e-02
1.085893566889999917e+01 8.863541085159999666e-02 1.518094136110000048e-02
1.088751181539999990e+01 9.066379659980000616e-02 1.546900507159999945e-02
1.091608796190000064e+01 9.287217719880000444e-02 1.575994978379999939e-02
1.094466410839999959e+01 9.523414603940000278e-02 1.604855092630000021e-02
1.097324025490000032e+01 9.771218735309999959e-02 1.632797761539999878e-02
1.100181640139999928e+01 1.002573269659999960e-01 1.658986410129999894e-02
1.103039254790000001e+01 1.028101688949999981e-01 1.682465274320000051e-02
1.105896869440000074e+01 1.053037677029999980e-01 1.702228650820000050e-02
1.108754484089999970e+01 1.076685048190000049e-01 1.717324903119999899e-02
1.111612098740000043e+01 1.098385969150000030e-01 1.726982844150000071e-02
1.114469713389999939e+01 1.117592620839999995e-01 1.730735807059999992e-02
1.117327328040000012e+01 1.133930572199999959e-01 1.728512051199999899e-02
1.120184942690000085e+01 1.147239299699999993e-01 1.720664854719999859e-02
1.123042557339999981e+01 1.157578710200000000e-01 1.707929910180000163e-02
1.125900171990000054e+01 1.165199871150000011e-01 1.691318585769999855e-02
1.128757786639999949e+01 1.170486349329999953e-01 1.671973220990000120e-02
1.131615401290000023e+01 1.173880718029999964e-01 1.651020480349999972e-02
1.134473015939999918e+01 1.175812579689999998e-01 1.629454663889999891e-02
1.137330630589999991e+01 1.176642633459999976e-01 1.608069984490000104e-02
1.140188245240000064e+01 1.176631168380000009e-01 1.587443818050000149e-02
1.143045859889999960e+01 1.175932668310000068e-01 1.567959178900000042e-02
1.145903474540000033e+01 1.174611452889999935e-01 1.549847453160000006e-02
1.148761089179999928e+01 1.172670369190000061e-01 1.533234117220000012e-02
1.151618703830000001e+01 1.170083273429999987e-01 1.518175726450000061e-02
1.154476318480000074e+01 1.166824037410000015e-01 1.504684751229999964e-02
1.157333933129999970e+01 1.162887570849999996e-01 1.492744312959999944e-02
1.160191547780000043e+01 1.158301788760000006e-01 1.482317545740000075e-02
1.163049162429999939e+01 1.153131660290000055e-01 1.473356222639999984e-02
1.165906777080000012e+01 1.147477788690000056e-01 1.465810618189999914e-02
1.168764391730000085e+01 1.141472160319999957e-01 1.459640534159999982e-02
1.171622006379999981e+01 1.135272599770000002e-01 1.454825484620000074e-02
1.174479621030000054e+01 1.129057065279999994e-01 1.451372153079999970e-02
1.177337235679999949e+01 1.123017526330000043e-01 1.449317425519999931e-02
1.180194850330000023e+01 1.117353631750000048e-01 1.448726963089999945e-02
1.183052464979999918e+01 1.112266525980000059e-01 1.449690416379999930e-02
1.185910079629999991e+01 1.107953678050000029e-01 1.452315145270000052e-02
1.188767694280000065e+01 1.104606322309999999e-01 1.456720859869999919e-02
1.191625308929999960e+01 1.102410629690000060e-01 1.463037525670000082e-02
1.194482923580000033e+01 1.101552847980000055e-01 1.471407399990000073e-02
1.197340538229999929e+01 1.102227574060000020e-01 1.481991729699999941e-02
1.200198152880000002e+01 1.104646936369999971e-01 1.494980882900000078e-02
1.203055767530000075e+01 1.109048152939999948e-01 1.510606129250000040e-02
1.205913382179999971e+01 1.115696896430000001e-01 1.529150255950000037e-02
1.208770996830000044e+01 1.124885312930000020e-01 1.550954400270000005e-02
1.211628611479999940e+01 1.136924423420000024e-01 1.576418127180000128e-02
1.214486226130000013e+01 1.152132112480000053e-01 1.605990594649999922e-02
1.217343840780000086e+01 1.170818255370000005e-01 1.640151191100000169e-02
1.220201455429999982e+01 1.193268975409999960e-01 1.679379568189999852e-02
1.223059070080000055e+01 1.219731685059999987e-01 1.724116639720000080e-02
1.225916684729999950e+01 1.250402506980000106e-01 1.774720442980000021e-02
1.228774299380000024e+01 1.285417532450000011e-01 1.831422826489999961e-02
1.231631914029999919e+01 1.324849496449999886e-01 1.894294495699999983e-02
1.234489528679999992e+01 1.368711388490000125e-01 1.963226722059999846e-02
1.237347143330000065e+01 1.416967341429999916e-01 2.037935331000000072e-02
1.240204757979999961e+01 1.469550577279999937e-01 2.117989822549999970e-02
1.243062372630000034e+01 1.526385635530000118e-01 2.202864236079999857e-02
1.245919987279999930e+01 1.587410296929999964e-01 2.292000490799999887e-02
1.248777601920000002e+01 1.652590186590000010e-01 2.384868808829999909e-02
1.251635216570000075e+01 1.721918924630000125e-01 2.481008613229999937e-02
1.254492831219999971e+01 1.795397569090000089e-01 2.580034714380000094e-02
1.257350445870000044e+01 1.873157200099999919e-01 2.681839994419999915e-02
1.260208060519999940e+01 1.955224777990000051e-01 2.786273506959999896e-02
1.263065675170000013e+01 2.040887888119999882e-01 2.892248811670000003e-02
1.265923289820000086e+01 2.129577375850000009e-01 2.999018981669999973e-02
1.268780904469999982e+01 2.220400739939999979e-01 3.105520603580000025e-02
1.271638519120000055e+01 2.312100102740000107e-01 3.210336434580000203e-02
1.274496133769999950e+01 2.403041672929999983e-01 3.311712375649999984e-02
1.277353748420000024e+01 2.491243469880000116e-01 3.407634263050000195e-02
1.280211363069999919e+01 2.574447995379999798e-01 3.495963113179999943e-02
1.283068977719999992e+01 2.650248031479999766e-01 3.574622719659999864e-02
1.285926592370000066e+01 2.716270953020000212e-01 3.641826568099999772e-02
1.288784207019999961e+01 2.770417413110000115e-01 3.696321543199999893e-02
1.291641821670000034e+01 2.811131144080000199e-01 3.737613195440000341e-02
1.294499436319999930e+01 2.837653718150000004e-01 3.766124980749999823e-02
1.297357050970000003e+01 2.850204393560000216e-01 3.783245773599999695e-02
1.300214665620000076e+01 2.850479359890000230e-01 3.791836355560000010e-02
1.303072280269999972e+01 2.840540778269999844e-01 3.794676799240000176e-02
1.305929894920000045e+01 2.822945302850000115e-01 3.794649714079999930e-02
1.308787509569999941e+01 2.800787004679999859e-01 3.794909177780000226e-02
1.311645124220000014e+01 2.777074117930000141e-01 3.798231869270000255e-02
1.314502738870000087e+01 2.754416038870000083e-01 3.806803830580000186e-02
1.317360353519999983e+01 2.734825069040000001e-01 3.822140412620000233e-02
1.320217968170000056e+01 2.719649110940000059e-01 3.845129598489999828e-02
1.323075582819999951e+01 2.709616736580000018e-01 3.876159879180000184e-02
1.325933197470000025e+01 2.704956280090000109e-01 3.915283826279999935e-02
1.328790812119999920e+01 2.705544064600000076e-01 3.962371008289999885e-02
1.331648426769999993e+01 2.711047443190000017e-01 4.017224009340000096e-02
1.334506041420000066e+01 2.721040596770000208e-01 4.079649244019999815e-02
1.337363656069999962e+01 2.735087211530000117e-01 4.149492866340000197e-02
1.340221270720000035e+01 2.752792983149999761e-01 4.226658697510000257e-02
1.343078885369999931e+01 2.773835134329999952e-01 4.311122476410000209e-02
1.345936500020000004e+01 2.797975135790000123e-01 4.402946674350000089e-02
1.348794114660000076e+01 2.825056002860000248e-01 4.502284357189999947e-02
1.351651729309999972e+01 2.854981128699999871e-01 4.609349518159999715e-02
1.354509343960000045e+01 2.888232013159999778e-01 4.725248558049999908e-02
1.357366958609999941e+01 2.924327366430000130e-01 4.849442210789999680e-02
1.360224573260000014e+01 2.962765840650000149e-01 4.981153702590000037e-02
1.363082187910000087e+01 3.002976141609999816e-01 5.119199997860000156e-02
1.365939802559999983e+01 3.045374770650000062e-01 5.263745343290000128e-02
1.368797417210000056e+01 3.087256642630000214e-01 5.409189197230000051e-02
1.371655031859999951e+01 3.126726576159999937e-01 5.550802529949999675e-02
1.374512646510000025e+01 3.161567729079999833e-01 5.682874497829999705e-02
1.377370261159999920e+01 3.189359568230000219e-01 5.799026496850000212e-02
1.380227875809999993e+01 3.207707162610000107e-01 5.892775733350000267e-02
1.383085490460000067e+01 3.214496063599999731e-01 5.958172351240000053e-02
1.385943105109999962e+01 3.208124885799999992e-01 5.990397127799999832e-02
1.388800719760000035e+01 3.187677027190000123e-01 5.986222115130000049e-02
1.391658334409999931e+01 3.153007070339999829e-01 5.944272826190000192e-02
1.394515949060000004e+01 3.104739005239999794e-01 5.865076233529999822e-02
1.397373563710000077e+01 3.044188478270000164e-01 5.750913318630000021e-02
1.400231178359999973e+01 2.973230681810000164e-01 5.605517138309999703e-02
1.403088793010000046e+01 2.894137672950000129e-01 5.433665140959999945e-02
1.405946407659999942e+01 2.809403506240000237e-01 5.240717066000000202e-02
1.408804022310000015e+01 2.721575339060000043e-01 5.032153084359999862e-02
1.411661636960000088e+01 2.633103337889999840e-01 4.813166590919999710e-02
1.414519251609999984e+01 2.546218502670000161e-01 4.588358870550000163e-02
1.417376866260000057e+01 2.462844797210000103e-01 4.361566236480000219e-02
1.420234480909999952e+01 2.384548275120000060e-01 4.135825093119999823e-02
1.423092095560000026e+01 2.312520067349999875e-01 3.913451954379999764e-02
1.425949710209999921e+01 2.247589227210000096e-01 3.696195583620000280e-02
1.428807324859999994e+01 2.190255816730000138e-01 3.485410426640000309e-02
1.431664939510000067e+01 2.140737104529999990e-01 3.282207723109999836e-02
1.434522554159999963e+01 2.099018879890000022e-01 3.087557303650000085e-02
1.437380168810000036e+01 2.064905404190000016e-01 2.902333714699999873e-02
1.440237783459999932e+01 2.038061761219999990e-01 2.727315983149999901e-02
1.443095398110000005e+01 2.018996998110000052e-01 2.564368410369999990e-02
1.445953012760000078e+01 2.006920601909999990e-01 2.413481012370000123e-02
1.448810627399999973e+01 2.000507872270000098e-01 2.274012894859999898e-02
1.451668242050000046e+01 1.999074336770000071e-01 2.146078373219999919e-02
1.454525856699999942e+01 2.001889168769999949e-01 2.029615774999999830e-02
1.457383471350000015e+01 2.008187147569999997e-01 1.924399582989999927e-02
1.460241086000000088e+01 2.017183713000000045e-01 1.830058852480000164e-02
1.463098700649999984e+01 2.028091475029999979e-01 1.746096296740000040e-02
1.465956315300000057e+01 2.040332507719999910e-01 1.672065501880000069e-02
1.468813929949999952e+01 2.053326603769999870e-01 1.607371006690000090e-02
1.471671544600000026e+01 2.065959577790000001e-01 1.550886597830000019e-02
1.474529159249999921e+01 2.077600932729999905e-01 1.501785916700000036e-02
1.477386773899999994e+01 2.087696067310000070e-01 1.459203069349999937e-02
1.480244388550000068e+01 2.095779004559999992e-01 1.422262970980000055e-02
1.483102003199999963e+01 2.101484901279999928e-01 1.390117098020000018e-02
1.485959617850000036e+01 2.104563272749999936e-01 1.361981798430000022e-02
1.488817232499999932e+01 2.104888285160000094e-01 1.337171798269999948e-02
1.491674847150000005e+01 2.102459085230000135e-01 1.315121575569999993e-02
1.494532461800000078e+01 2.097389923140000056e-01 1.295390740069999984e-02
1.497390076449999974e+01 2.089893962990000131e-01 1.277654657669999999e-02
1.500247691100000047e+01 2.080257153429999895e-01 1.261683524369999927e-02
1.503105305749999943e+01 2.068806464840000081e-01 1.247316247449999950e-02
1.505962920400000016e+01 2.055883852590000005e-01 1.234437792070000074e-02
1.508820535049999911e+01 2.041829706630000074e-01 1.222964699390000076e-02
1.511678149699999985e+01 2.026965965749999987e-01 1.212838577119999990e-02
1.514535764350000058e+01 2.011586764580000075e-01 1.204026512590000014e-02
1.517393378999999953e+01 1.995958484610000083e-01 1.196525182829999943e-02
1.520250993650000026e+01 1.980319992239999993e-01 1.190362663639999916e-02
1.523108608299999922e+01 1.964878451319999886e-01 1.185596252980000015e-02
1.525966222949999995e+01 1.949815943019999886e-01 1.182308525560000004e-02
1.528823837600000068e+01 1.935298423500000087e-01 1.180602280669999955e-02
1.531681452249999964e+01 1.921476844070000023e-01 1.180594976039999952e-02
1.534539066900000037e+01 1.908490962259999923e-01 1.182414469730000070e-02
1.537396681549999933e+01 1.896471523930000069e-01 1.186196120149999970e-02
1.540254296200000006e+01 1.885543886680000059e-01 1.192080139749999990e-02
1.543111910850000079e+01 1.875820399070000088e-01 1.200207096370000011e-02
1.545969525499999975e+01 1.867404765310000103e-01 1.210711994129999927e-02
1.548827140140000047e+01 1.860384878520000007e-01 1.223715236200000056e-02
1.551684754789999943e+01 1.854827049130000072e-01 1.239311668529999994e-02
1.554542369440000016e+01 1.850770693200000094e-01 1.257557955100000076e-02
1.557399984089999911e+01 1.848225191850000060e-01 1.278459085420000085e-02
1.560257598739999985e+01 1.847166021799999946e-01 1.301955533370000029e-02
1.563115213390000058e+01 1.847542334360000038e-01 1.327913761329999921e-02
1.565972828039999953e+01 1.849276558540000059e-01 1.356119102469999921e-02
1.568830442690000027e+01 1.852266726360000115e-01 1.386273872080000073e-02
1.571688057339999922e+01 1.856393468920000123e-01 1.418001600630000060e-02
1.574545671989999995e+01 1.861510810950000039e-01 1.450855419210000073e-02
1.577403286640000069e+01 1.867417660540000024e-01 1.484328610130000031e-02
1.580260901289999964e+01 1.873786700839999986e-01 1.517860844379999991e-02
1.583118515940000037e+01 1.880046630439999866e-01 1.550835606960000029e-02
1.585976130589999933e+01 1.885241199150000102e-01 1.582566525529999907e-02
1.588833745240000006e+01 1.887916142280000042e-01 1.612275052710000073e-02
1.591691359890000079e+01 1.886090723309999939e-01 1.639067629710000071e-02
1.594548974539999975e+01 1.877349430830000110e-01 1.661923867100000007e-02
1.597406589190000048e+01 1.859052563120000001e-01 1.679709031549999829e-02
1.600264203840000121e+01 1.828640649459999934e-01 1.691224821630000000e-02
1.603121818489999839e+01 1.784005487750000007e-01 1.695309309710000059e-02
1.605979433139999912e+01 1.723902236629999973e-01 1.690986383579999933e-02
1.608837047789999986e+01 1.648354172760000125e-01 1.677646267749999948e-02
1.611694662440000059e+01 1.558949270589999880e-01 1.655216561579999843e-02
1.614552277090000132e+01 1.458890648939999979e-01 1.624269399320000043e-02
1.617409891739999850e+01 1.352692503250000067e-01 1.586017789820000010e-02
1.620267506389999923e+01 1.245526648290000010e-01 1.542182926069999953e-02
1.623125121039999996e+01 1.142376209570000051e-01 1.494760143579999985e-02
1.625982735690000069e+01 1.047247378090000042e-01 1.445746211590000045e-02
1.628840350340000143e+01 9.626737691740000491e-02 1.396902569809999918e-02
1.631697964989999861e+01 8.896216719100000225e-02 1.349607129939999969e-02
1.634555579639999934e+01 8.277472974060000321e-02 1.304811314090000007e-02
1.637413194290000007e+01 7.758562696659999924e-02 1.263088188429999960e-02
1.640270808940000080e+01 7.323800389180000481e-02 1.224725344340000036e-02
1.643128423590000153e+01 6.957401144149999439e-02 1.189820524119999945e-02
1.645986038239999871e+01 6.645646911340000185e-02 1.158365436430000041e-02
1.648843652880000121e+01 6.377479131289999492e-02 1.130268803099999941e-02
1.651701267529999839e+01 6.144407102100000323e-02 1.105392634550000051e-02
1.654558882179999912e+01 5.939746114890000206e-02 1.083499464980000083e-02
1.657416496829999986e+01 5.758233461489999788e-02 1.064315011079999991e-02
1.660274111480000059e+01 5.595378586130000248e-02 1.047473148759999959e-02
1.663131726130000132e+01 5.447052581660000170e-02 1.032490567329999963e-02
1.665989340779999850e+01 5.309013556989999882e-02 1.018685383540000010e-02
1.668846955429999923e+01 5.176769737660000259e-02 1.005173226009999955e-02
1.671704570079999996e+01 5.045506315599999902e-02 9.908665574780000165e-03
1.674562184730000070e+01 4.910411187560000112e-02 9.745798373499999986e-03
1.677419799380000143e+01 4.766912121140000347e-02 9.551004313079999516e-03
1.680277414029999861e+01 4.610645267079999804e-02 9.311809632789999971e-03
1.683135028679999934e+01 4.437104525530000121e-02 9.014453447720000359e-03
1.685992643330000007e+01 4.241338093790000124e-02 8.643165305430000264e-03
1.688850257980000080e+01 4.018249574050000023e-02 8.181227408439999821e-03
1.691707872630000153e+01 3.763762884019999921e-02 7.614499179170000284e-03
1.694565487279999871e+01 3.476505707369999948e-02 6.936370569440000224e-03
1.697423101929999945e+01 3.159235957440000020e-02 6.151919821679999699e-03
1.700280716580000018e+01 2.819324514490000044e-02 5.279320984260000432e-03
1.703138331230000091e+01 2.468111705599999872e-02 4.347943649660000222e-03
1.705995945880000164e+01 2.119448242810000049e-02 3.393909994149999811e-03
1.708853560529999882e+01 1.787899208950000096e-02 2.454263135940000073e-03
1.711711175179999955e+01 1.486981723950000014e-02 1.560505165849999975e-03
1.714568789830000028e+01 1.227693972450000053e-02 7.317937871729999653e-04
1.717426404480000102e+01 1.014418632340000070e-02 0.000000000000000000e+00
1.720284019130000175e+01 7.852293361669999278e-03 0.000000000000000000e+00
1.723141633779999893e+01 6.093602873350000004e-03 0.000000000000000000e+00
1.725999248429999966e+01 4.789135712060000293e-03 0.000000000000000000e+00
1.728856863080000039e+01 3.841315880499999828e-03 0.000000000000000000e+00
1.731714477730000112e+01 3.153694827950000081e-03 0.000000000000000000e+00
1.734572092379999830e+01 2.644706950730000075e-03 0.000000000000000000e+00
1.737429707029999904e+01 2.253268500190000207e-03 0.000000000000000000e+00
1.740287321679999977e+01 1.948335554279999977e-03 0.000000000000000000e+00
1.743144936330000050e+01 1.719374084129999918e-03 0.000000000000000000e+00
1.746002550980000123e+01 1.525849662920000056e-03 0.000000000000000000e+00
1.748860165620000018e+01 1.358857702679999897e-03 0.000000000000000000e+00
1.751717780270000091e+01 1.213253913149999917e-03 0.000000000000000000e+00
1.754575394920000164e+01 1.085524500660000041e-03 0.000000000000000000e+00
1.757433009569999882e+01 9.732530243970000322e-04 0.000000000000000000e+00
1.760290624219999955e+01 8.743776985809999800e-04 0.000000000000000000e+00
1.763148238870000029e+01 7.871684897629999947e-04 0.000000000000000000e+00
1.766005853520000102e+01 7.101079924940000400e-04 0.000000000000000000e+00
1.768863468170000175e+01 6.418382032040000030e-04 0.000000000000000000e+00
1.771721082819999893e+01 5.811466995699999605e-04 0.000000000000000000e+00
1.774578697469999966e+01 5.269591006160000363e-04 0.000000000000000000e+00
1.777436312120000039e+01 4.783349582469999966e-04 0.000000000000000000e+00
1.780293926770000112e+01 nan nan
1.783151541419999830e+01 nan nan
1.786009156069999904e+01 nan nan
1.788866770719999977e+01 nan nan
1.791724385370000050e+01 nan nan
1.794582000020000123e+01 nan nan
1.797439614669999841e+01 nan nan
1.800297229319999914e+01 nan nan
1.803154843969999988e+01 nan nan
1.806012458620000061e+01 nan nan
1.808870073270000134e+01 nan nan
1.811727687919999852e+01 nan nan
1.814585302569999925e+01 nan nan
1.817442917219999998e+01 nan nan
1.820300531870000071e+01 nan nan
1.823158146520000145e+01 nan nan
1.826015761169999863e+01 nan nan
1.828873375819999936e+01 nan nan
1.831730990470000009e+01 nan nan
1.834588605120000082e+01 nan nan
1.837446219770000155e+01 nan nan
1.840303834419999873e+01 nan nan
1.843161449069999946e+01 nan nan
1.846019063720000020e+01 nan nan
1.848876678359999914e+01 nan nan
1.851734293009999988e+01 nan nan
1.854591907660000061e+01 nan nan
1.857449522310000134e+01 nan nan
1.860307136959999852e+01 nan nan
1.863164751609999925e+01 nan nan
1.866022366259999998e+01 nan nan
1.868879980910000072e+01 nan nan
1.871737595560000145e+01 nan nan
1.874595210209999863e+01 nan nan
1.877452824859999936e+01 nan nan
1.880310439510000009e+01 nan nan
1.883168054160000082e+01 nan nan
1.886025668810000155e+01 nan nan
1.888883283459999873e+01 nan nan
1.891740898109999947e+01 nan nan
1.894598512760000020e+01 nan nan
1.897456127410000093e+01 nan nan
1.900313742060000166e+01 nan nan
1.903171356709999884e+01 nan nan
1.906028971359999957e+01 nan nan
1.908886586010000030e+01 nan nan
1.911744200660000104e+01 nan nan
1.914601815310000177e+01 nan nan
1.917459429959999895e+01 nan nan
1.920317044609999968e+01 nan nan
1.923174659260000041e+01 nan nan
1.926032273910000114e+01 nan nan
1.928889888559999832e+01 nan nan
1.931747503209999905e+01 0.000000000000000000e+00 0.000000000000000000e+00
1.934605117859999979e+01 0.000000000000000000e+00 0.000000000000000000e+00
1.937462732510000052e+01 0.000000000000000000e+00 0.000000000000000000e+00
1.940320347160000125e+01 0.000000000000000000e+00 0.000000000000000000e+00
1.943177961809999843e+01 0.000000000000000000e+00 0.000000000000000000e+00
1.946035576459999916e+01 0.000000000000000000e+00 0.000000000000000000e+00
1.948893191100000166e+01 0.000000000000000000e+00 0.000000000000000000e+00
1.951750805749999884e+01 0.000000000000000000e+00 0.000000000000000000e+00
1.954608420399999957e+01 0.000000000000000000e+00 0.000000000000000000e+00
1.957466035050000031e+01 0.000000000000000000e+00 0.000000000000000000e+00
1.960323649700000104e+01 0.000000000000000000e+00 0.000000000000000000e+00
1.963181264350000177e+01 0.000000000000000000e+00 0.000000000000000000e+00
1.966038878999999895e+01 0.000000000000000000e+00 0.000000000000000000e+00
1.968896493649999968e+01 0.000000000000000000e+00 0.000000000000000000e+00
1.971754108300000041e+01 0.000000000000000000e+00 0.000000000000000000e+00
1.974611722950000114e+01 0.000000000000000000e+00 0.000000000000000000e+00
1.977469337599999832e+01 0.000000000000000000e+00 0.000000000000000000e+00
1.980326952249999906e+01 0.000000000000000000e+00 0.000000000000000000e+00
1.983184566899999979e+01 0.000000000000000000e+00 0.000000000000000000e+00
1.986042181550000052e+01 0.000000000000000000e+00 0.000000000000000000e+00
1.988899796200000125e+01 0.000000000000000000e+00 0.000000000000000000e+00
1.991757410849999843e+01 0.000000000000000000e+00 0.000000000000000000e+00
1.994615025499999916e+01 0.000000000000000000e+00 0.000000000000000000e+00
1.997472640149999989e+01 0.000000000000000000e+00 0.000000000000000000e+00
2.000330254800000063e+01 0.000000000000000000e+00 0.000000000000000000e+00
2.003187869450000136e+01 0.000000000000000000e+00 0.000000000000000000e+00
2.006045484099999854e+01 0.000000000000000000e+00 0.000000000000000000e+00
2.008903098749999927e+01 0.000000000000000000e+00 0.000000000000000000e+00
2.011760713400000000e+01 0.000000000000000000e+00 0.000000000000000000e+00
2.014618328050000073e+01 0.000000000000000000e+00 0.000000000000000000e+00
2.017475942700000147e+01 0.000000000000000000e+00 0.000000000000000000e+00
2.020333557349999865e+01 0.000000000000000000e+00 0.000000000000000000e+00
2.023191171999999938e+01 0.000000000000000000e+00 0.000000000000000000e+00
2.026048786650000011e+01 0.000000000000000000e+00 0.000000000000000000e+00
2.028906401300000084e+01 0.000000000000000000e+00 0.000000000000000000e+00
2.031764015950000157e+01 0.000000000000000000e+00 0.000000000000000000e+00
2.034621630599999875e+01 0.000000000000000000e+00 0.000000000000000000e+00
2.037479245249999948e+01 0.000000000000000000e+00 0.000000000000000000e+00
2.040336859900000022e+01 0.000000000000000000e+00 0.000000000000000000e+00
2.043194474550000095e+01 0.000000000000000000e+00 0.000000000000000000e+00
2.046052089200000168e+01 0.000000000000000000e+00 0.000000000000000000e+00
2.048909703840000063e+01 0.000000000000000000e+00 0.000000000000000000e+00
2.051767318490000136e+01 0.000000000000000000e+00 0.000000000000000000e+00
2.054624933139999854e+01 0.000000000000000000e+00 0.000000000000000000e+00
2.057482547789999927e+01 0.000000000000000000e+00 0.000000000000000000e+00
2.060340162440000000e+01 0.000000000000000000e+00 0.000000000000000000e+00
2.063197777090000073e+01 0.000000000000000000e+00 0.000000000000000000e+00
2.066055391740000147e+01 0.000000000000000000e+00 0.000000000000000000e+00
2.068913006389999865e+01 0.000000000000000000e+00 0.000000000000000000e+00
2.071770621039999938e+01 0.000000000000000000e+00 0.000000000000000000e+00
2.074628235690000011e+01 0.000000000000000000e+00 0.000000000000000000e+00
2.077485850340000084e+01 0.000000000000000000e+00 0.000000000000000000e+00
2.080343464990000157e+01 0.000000000000000000e+00 0.000000000000000000e+00
2.083201079639999875e+01 0.000000000000000000e+00 0.000000000000000000e+00
2.086058694289999949e+01 0.000000000000000000e+00 0.000000000000000000e+00
2.088916308940000022e+01 0.000000000000000000e+00 0.000000000000000000e+00
2.091773923590000095e+01 0.000000000000000000e+00 0.000000000000000000e+00
2.094631538240000168e+01 0.000000000000000000e+00 0.000000000000000000e+00
2.097489152889999886e+01 0.000000000000000000e+00 0.000000000000000000e+00
2.100346767539999959e+01 0.000000000000000000e+00 0.000000000000000000e+00
2.103204382190000032e+01 0.000000000000000000e+00 0.000000000000000000e+00
2.106061996840000106e+01 0.000000000000000000e+00 0.000000000000000000e+00
2.108919611489999824e+01 0.000000000000000000e+00 0.000000000000000000e+00
2.111777226139999897e+01 0.000000000000000000e+00 0.000000000000000000e+00
2.114634840789999970e+01 0.000000000000000000e+00 0.000000000000000000e+00
2.117492455440000043e+01 0.000000000000000000e+00 0.000000000000000000e+00
2.120350070090000116e+01 0.000000000000000000e+00 0.000000000000000000e+00
2.123207684739999834e+01 0.000000000000000000e+00 0.000000000000000000e+00
2.126065299389999907e+01 0.000000000000000000e+00 0.000000000000000000e+00
2.128922914039999981e+01 0.000000000000000000e+00 0.000000000000000000e+00
2.131780528690000054e+01 0.000000000000000000e+00 0.000000000000000000e+00
2.134638143340000127e+01 0.000000000000000000e+00 0.000000000000000000e+00
2.137495757989999845e+01 0.000000000000000000e+00 0.000000000000000000e+00
2.140353372639999918e+01 0.000000000000000000e+00 0.000000000000000000e+00
2.143210987289999991e+01 0.000000000000000000e+00 0.000000000000000000e+00
2.146068601940000065e+01 0.000000000000000000e+00 0.000000000000000000e+00
2.148926216579999959e+01 0.000000000000000000e+00 0.000000000000000000e+00
2.151783831230000033e+01 0.000000000000000000e+00 0.000000000000000000e+00
2.154641445880000106e+01 0.000000000000000000e+00 0.000000000000000000e+00
2.157499060529999824e+01 0.000000000000000000e+00 0.000000000000000000e+00
2.160356675179999897e+01 0.000000000000000000e+00 0.000000000000000000e+00
2.163214289829999970e+01 0.000000000000000000e+00 0.000000000000000000e+00
2.166071904480000043e+01 0.000000000000000000e+00 0.000000000000000000e+00
2.168929519130000116e+01 0.000000000000000000e+00 0.000000000000000000e+00
2.171787133779999834e+01 0.000000000000000000e+00 0.000000000000000000e+00
2.174644748429999908e+01 0.000000000000000000e+00 0.000000000000000000e+00
2.177502363079999981e+01 0.000000000000000000e+00 0.000000000000000000e+00
2.180359977730000054e+01 0.000000000000000000e+00 0.000000000000000000e+00
2.183217592380000127e+01 0.000000000000000000e+00 0.000000000000000000e+00
2.186075207029999845e+01 0.000000000000000000e+00 0.000000000000000000e+00
2.188932821679999918e+01 0.000000000000000000e+00 0.000000000000000000e+00
2.191790436329999991e+01 0.000000000000000000e+00 0.000000000000000000e+00
2.194648050980000065e+01 0.000000000000000000e+00 0.000000000000000000e+00
2.197505665630000138e+01 0.000000000000000000e+00 0.000000000000000000e+00
2.200363280279999856e+01 0.000000000000000000e+00 0.000000000000000000e+00
2.203220894929999929e+01 0.000000000000000000e+00 0.000000000000000000e+00
2.206078509580000002e+01 0.000000000000000000e+00 0.000000000000000000e+00
2.208936124230000075e+01 0.000000000000000000e+00 0.000000000000000000e+00
2.211793738880000149e+01 0.000000000000000000e+00 0.000000000000000000e+00
2.214651353529999867e+01 0.000000000000000000e+00 0.000000000000000000e+00
2.217508968179999940e+01 0.000000000000000000e+00 0.000000000000000000e+00
2.220366582830000013e+01 0.000000000000000000e+00 0.000000000000000000e+00
2.223224197480000086e+01 0.000000000000000000e+00 0.000000000000000000e+00
2.226081812130000159e+01 0.000000000000000000e+00 0.000000000000000000e+00
2.228939426779999877e+01 0.000000000000000000e+00 0.000000000000000000e+00
2.231797041429999950e+01 0.000000000000000000e+00 0.000000000000000000e+00
2.234654656080000024e+01 0.000000000000000000e+00 0.000000000000000000e+00
2.237512270730000097e+01 0.000000000000000000e+00 0.000000000000000000e+00
2.240369885380000170e+01 0.000000000000000000e+00 0.000000000000000000e+00
2.243227500029999888e+01 0.000000000000000000e+00 0.000000000000000000e+00
2.246085114679999961e+01 0.000000000000000000e+00 0.000000000000000000e+00
2.248942729319999856e+01 0.000000000000000000e+00 0.000000000000000000e+00
2.251800343969999929e+01 0.000000000000000000e+00 0.000000000000000000e+00
2.254657958620000002e+01 0.000000000000000000e+00 0.000000000000000000e+00
2.257515573270000075e+01 0.000000000000000000e+00 0.000000000000000000e+00
2.260373187920000149e+01 0.000000000000000000e+00 0.000000000000000000e+00
2.263230802569999867e+01 0.000000000000000000e+00 0.000000000000000000e+00
2.266088417219999940e+01 0.000000000000000000e+00 0.000000000000000000e+00
2.268946031870000013e+01 0.000000000000000000e+00 0.000000000000000000e+00
2.271803646520000086e+01 0.000000000000000000e+00 0.000000000000000000e+00
2.274661261170000159e+01 0.000000000000000000e+00 0.000000000000000000e+00
2.277518875819999877e+01 0.000000000000000000e+00 0.000000000000000000e+00
2.280376490469999951e+01 0.000000000000000000e+00 0.000000000000000000e+00
2.283234105120000024e+01 0.000000000000000000e+00 0.000000000000000000e+00
2.286091719770000097e+01 0.000000000000000000e+00 0.000000000000000000e+00
2.288949334420000170e+01 0.000000000000000000e+00 0.000000000000000000e+00
2.291806949069999888e+01 0.000000000000000000e+00 0.000000000000000000e+00
2.294664563719999961e+01 0.000000000000000000e+00 0.000000000000000000e+00
2.297522178370000034e+01 0.000000000000000000e+00 0.000000000000000000e+00
2.300379793020000108e+01 0.000000000000000000e+00 0.000000000000000000e+00
2.303237407669999826e+01 0.000000000000000000e+00 0.000000000000000000e+00
2.306095022319999899e+01 0.000000000000000000e+00 0.000000000000000000e+00
2.308952636969999972e+01 0.000000000000000000e+00 0.000000000000000000e+00
2.311810251620000045e+01 0.000000000000000000e+00 0.000000000000000000e+00
2.314667866270000118e+01 0.000000000000000000e+00 0.000000000000000000e+00
2.317525480919999836e+01 0.000000000000000000e+00 0.000000000000000000e+00
2.320383095569999909e+01 0.000000000000000000e+00 0.000000000000000000e+00
2.323240710219999983e+01 0.000000000000000000e+00 0.000000000000000000e+00
2.326098324870000056e+01 0.000000000000000000e+00 0.000000000000000000e+00
2.328955939520000129e+01 0.000000000000000000e+00 0.000000000000000000e+00
2.331813554169999847e+01 0.000000000000000000e+00 0.000000000000000000e+00
2.334671168819999920e+01 0.000000000000000000e+00 0.000000000000000000e+00
2.337528783469999993e+01 0.000000000000000000e+00 0.000000000000000000e+00
2.340386398120000067e+01 0.000000000000000000e+00 0.000000000000000000e+00
2.343244012770000140e+01 0.000000000000000000e+00 0.000000000000000000e+00
2.346101627419999858e+01 0.000000000000000000e+00 0.000000000000000000e+00
2.348959242060000108e+01 0.000000000000000000e+00 0.000000000000000000e+00
2.351816856709999826e+01 0.000000000000000000e+00 0.000000000000000000e+00
2.354674471359999899e+01 0.000000000000000000e+00 0.000000000000000000e+00
2.357532086009999972e+01 0.000000000000000000e+00 0.000000000000000000e+00
2.360389700660000045e+01 0.000000000000000000e+00 0.000000000000000000e+00
2.363247315310000118e+01 0.000000000000000000e+00 0.000000000000000000e+00
2.366104929959999836e+01 0.000000000000000000e+00 0.000000000000000000e+00
2.368962544609999910e+01 0.000000000000000000e+00 0.000000000000000000e+00
2.371820159259999983e+01 0.000000000000000000e+00 0.000000000000000000e+00
2.374677773910000056e+01 0.000000000000000000e+00 0.000000000000000000e+00
2.377535388560000129e+01 0.000000000000000000e+00 0.000000000000000000e+00
2.380393003209999847e+01 0.000000000000000000e+00 0.000000000000000000e+00
2.383250617859999920e+01 0.000000000000000000e+00 0.000000000000000000e+00
2.386108232509999993e+01 0.000000000000000000e+00 0.000000000000000000e+00
2.388965847160000067e+01 0.000000000000000000e+00 0.000000000000000000e+00
2.391823461810000140e+01 0.000000000000000000e+00 0.000000000000000000e+00
2.394681076459999858e+01 0.000000000000000000e+00 0.000000000000000000e+00
2.397538691109999931e+01 0.000000000000000000e+00 0.000000000000000000e+00
2.400396305760000004e+01 0.000000000000000000e+00 0.000000000000000000e+00
2.403253920410000077e+01 0.000000000000000000e+00 0.000000000000000000e+00
2.406111535060000151e+01 0.000000000000000000e+00 0.000000000000000000e+00
2.408969149709999868e+01 0.000000000000000000e+00 0.000000000000000000e+00
2.411826764359999942e+01 0.000000000000000000e+00 0.000000000000000000e+00
2.414684379010000015e+01 0.000000000000000000e+00 0.000000000000000000e+00
2.417541993660000088e+01 0.000000000000000000e+00 0.000000000000000000e+00
2.420399608310000161e+01 0.000000000000000000e+00 0.000000000000000000e+00
2.423257222959999879e+01 0.000000000000000000e+00 0.000000000000000000e+00
2.426114837609999952e+01 0.000000000000000000e+00 0.000000000000000000e+00
2.428972452260000026e+01 0.000000000000000000e+00 0.000000000000000000e+00
2.431830066910000099e+01 0.000000000000000000e+00 0.000000000000000000e+00
2.434687681560000172e+01 0.000000000000000000e+00 0.000000000000000000e+00
2.437545296209999890e+01 0.000000000000000000e+00 0.000000000000000000e+00
2.440402910859999963e+01 0.000000000000000000e+00 0.000000000000000000e+00
2.443260525510000036e+01 0.000000000000000000e+00 0.000000000000000000e+00
2.446118140160000110e+01 0.000000000000000000e+00 0.000000000000000000e+00
2.448975754800000004e+01 0.000000000000000000e+00 0.000000000000000000e+00
2.451833369450000077e+01 0.000000000000000000e+00 0.000000000000000000e+00
2.454690984100000151e+01 0.000000000000000000e+00 0.000000000000000000e+00
2.457548598749999869e+01 0.000000000000000000e+00 0.000000000000000000e+00
2.460406213399999942e+01 0.000000000000000000e+00 0.000000000000000000e+00
2.463263828050000015e+01 0.000000000000000000e+00 0.000000000000000000e+00
2.466121442700000088e+01 0.000000000000000000e+00 0.000000000000000000e+00
2.468979057350000161e+01 0.000000000000000000e+00 0.000000000000000000e+00
2.471836671999999879e+01 0.000000000000000000e+00 0.000000000000000000e+00
2.474694286649999952e+01 0.000000000000000000e+00 0.000000000000000000e+00
2.477551901300000026e+01 0.000000000000000000e+00 0.000000000000000000e+00
2.480409515950000099e+01 0.000000000000000000e+00 0.000000000000000000e+00
2.483267130600000172e+01 0.000000000000000000e+00 0.000000000000000000e+00
2.486124745249999890e+01 0.000000000000000000e+00 0.000000000000000000e+00
2.488982359899999963e+01 0.000000000000000000e+00 0.000000000000000000e+00
2.491839974550000036e+01 0.000000000000000000e+00 0.000000000000000000e+00
2.494697589200000110e+01 0.000000000000000000e+00 0.000000000000000000e+00
2.497555203849999828e+01 0.000000000000000000e+00 0.000000000000000000e+00
2.500412818499999901e+01 0.000000000000000000e+00 0.000000000000000000e+00
2.503270433149999974e+01 0.000000000000000000e+00 0.000000000000000000e+00
2.506128047800000047e+01 0.000000000000000000e+00 0.000000000000000000e+00
2.508985662450000120e+01 0.000000000000000000e+00 0.000000000000000000e+00
2.511843277099999838e+01 0.000000000000000000e+00 0.000000000000000000e+00
2.514700891749999911e+01 0.000000000000000000e+00 0.000000000000000000e+00
2.517558506399999985e+01 0.000000000000000000e+00 0.000000000000000000e+00
2.520416121050000058e+01 0.000000000000000000e+00 0.000000000000000000e+00
2.523273735700000131e+01 0.000000000000000000e+00 0.000000000000000000e+00
2.526131350349999849e+01 0.000000000000000000e+00 0.000000000000000000e+00
2.528988964999999922e+01 0.000000000000000000e+00 0.000000000000000000e+00
2.531846579649999995e+01 0.000000000000000000e+00 0.000000000000000000e+00
2.534704194300000069e+01 0.000000000000000000e+00 0.000000000000000000e+00
2.537561808950000142e+01 0.000000000000000000e+00 0.000000000000000000e+00
2.540419423599999860e+01 0.000000000000000000e+00 0.000000000000000000e+00
2.543277038249999933e+01 0.000000000000000000e+00 0.000000000000000000e+00
2.546134652900000006e+01 0.000000000000000000e+00 0.000000000000000000e+00
2.548992267539999901e+01 0.000000000000000000e+00 0.000000000000000000e+00
2.551849882189999974e+01 0.000000000000000000e+00 0.000000000000000000e+00
2.554707496840000047e+01 0.000000000000000000e+00 0.000000000000000000e+00
2.557565111490000120e+01 0.000000000000000000e+00 0.000000000000000000e+00
2.560422726139999838e+01 0.000000000000000000e+00 0.000000000000000000e+00
2.563280340789999912e+01 0.000000000000000000e+00 0.000000000000000000e+00
2.566137955439999985e+01 0.000000000000000000e+00 0.000000000000000000e+00
2.568995570090000058e+01 0.000000000000000000e+00 0.000000000000000000e+00
2.571853184740000131e+01 0.000000000000000000e+00 0.000000000000000000e+00
2.574710799389999849e+01 0.000000000000000000e+00 0.000000000000000000e+00
2.577568414039999922e+01 0.000000000000000000e+00 0.000000000000000000e+00
2.580426028689999995e+01 0.000000000000000000e+00 0.000000000000000000e+00
2.583283643340000069e+01 0.000000000000000000e+00 0.000000000000000000e+00
2.586141257990000142e+01 0.000000000000000000e+00 0.000000000000000000e+00
2.588998872639999860e+01 0.000000000000000000e+00 0.000000000000000000e+00
2.591856487289999933e+01 0.000000000000000000e+00 0.000000000000000000e+00
2.594714101940000006e+01 0.000000000000000000e+00 0.000000000000000000e+00
2.597571716590000079e+01 0.000000000000000000e+00 0.000000000000000000e+00
2.600429331240000153e+01 0.000000000000000000e+00 0.000000000000000000e+00
2.603286945889999870e+01 0.000000000000000000e+00 0.000000000000000000e+00
2.606144560539999944e+01 0.000000000000000000e+00 0.000000000000000000e+00
2.609002175190000017e+01 0.000000000000000000e+00 0.000000000000000000e+00
2.611859789840000090e+01 0.000000000000000000e+00 0.000000000000000000e+00
2.614717404490000163e+01 0.000000000000000000e+00 0.000000000000000000e+00
2.617575019139999881e+01 0.000000000000000000e+00 0.000000000000000000e+00
2.620432633789999954e+01 0.000000000000000000e+00 0.000000000000000000e+00
2.623290248440000028e+01 0.000000000000000000e+00 0.000000000000000000e+00
2.626147863090000101e+01 0.000000000000000000e+00 0.000000000000000000e+00
2.629005477740000174e+01 0.000000000000000000e+00 0.000000000000000000e+00
2.631863092389999892e+01 0.000000000000000000e+00 0.000000000000000000e+00
2.634720707039999965e+01 0.000000000000000000e+00 0.000000000000000000e+00
2.637578321690000038e+01 0.000000000000000000e+00 0.000000000000000000e+00
2.640435936340000111e+01 0.000000000000000000e+00 0.000000000000000000e+00
2.643293550989999829e+01 0.000000000000000000e+00 0.000000000000000000e+00
2.646151165639999903e+01 0.000000000000000000e+00 0.000000000000000000e+00
2.649008780280000153e+01 0.000000000000000000e+00 0.000000000000000000e+00
2.651866394929999871e+01 0.000000000000000000e+00 0.000000000000000000e+00
2.654724009579999944e+01 0.000000000000000000e+00 0.000000000000000000e+00
2.657581624230000017e+01 0.000000000000000000e+00 0.000000000000000000e+00
2.660439238880000090e+01 0.000000000000000000e+00 0.000000000000000000e+00
2.663296853530000163e+01 0.000000000000000000e+00 0.000000000000000000e+00
2.666154468179999881e+01 0.000000000000000000e+00 0.000000000000000000e+00
2.669012082829999954e+01 0.000000000000000000e+00 0.000000000000000000e+00
2.671869697480000028e+01 0.000000000000000000e+00 0.000000000000000000e+00
2.674727312130000101e+01 0.000000000000000000e+00 0.000000000000000000e+00
2.677584926780000174e+01 0.000000000000000000e+00 0.000000000000000000e+00
2.680442541429999892e+01 0.000000000000000000e+00 0.000000000000000000e+00
2.683300156079999965e+01 0.000000000000000000e+00 0.000000000000000000e+00
2.686157770730000038e+01 0.000000000000000000e+00 0.000000000000000000e+00
2.689015385380000112e+01 0.000000000000000000e+00 0.000000000000000000e+00
2.691873000029999830e+01 0.000000000000000000e+00 0.000000000000000000e+00
2.694730614679999903e+01 0.000000000000000000e+00 0.000000000000000000e+00
2.697588229329999976e+01 0.000000000000000000e+00 0.000000000000000000e+00
2.700445843980000049e+01 0.000000000000000000e+00 0.000000000000000000e+00
2.703303458630000122e+01 0.000000000000000000e+00 0.000000000000000000e+00
2.706161073279999840e+01 0.000000000000000000e+00 0.000000000000000000e+00
2.709018687929999913e+01 0.000000000000000000e+00 0.000000000000000000e+00
2.711876302579999987e+01 0.000000000000000000e+00 0.000000000000000000e+00
2.714733917230000060e+01 0.000000000000000000e+00 0.000000000000000000e+00
2.717591531880000133e+01 0.000000000000000000e+00 0.000000000000000000e+00
2.720449146529999851e+01 0.000000000000000000e+00 0.000000000000000000e+00
2.723306761179999924e+01 0.000000000000000000e+00 0.000000000000000000e+00
2.726164375829999997e+01 0.000000000000000000e+00 0.000000000000000000e+00
2.729021990480000071e+01 0.000000000000000000e+00 0.000000000000000000e+00
2.731879605130000144e+01 0.000000000000000000e+00 0.000000000000000000e+00
2.734737219779999862e+01 0.000000000000000000e+00 0.000000000000000000e+00
2.737594834429999935e+01 0.000000000000000000e+00 0.000000000000000000e+00
2.740452449080000008e+01 0.000000000000000000e+00 0.000000000000000000e+00
2.743310063730000081e+01 0.000000000000000000e+00 0.000000000000000000e+00
2.746167678380000154e+01 0.000000000000000000e+00 0.000000000000000000e+00
2.749025293020000049e+01 0.000000000000000000e+00 0.000000000000000000e+00
2.751882907670000122e+01 0.000000000000000000e+00 0.000000000000000000e+00
2.754740522319999840e+01 0.000000000000000000e+00 0.000000000000000000e+00
2.757598136969999914e+01 0.000000000000000000e+00 0.000000000000000000e+00
2.760455751619999987e+01 0.000000000000000000e+00 0.000000000000000000e+00
2.763313366270000060e+01 0.000000000000000000e+00 0.000000000000000000e+00
2.766170980920000133e+01 0.000000000000000000e+00 0.000000000000000000e+00
2.769028595569999851e+01 0.000000000000000000e+00 0.000000000000000000e+00
2.771886210219999924e+01 0.000000000000000000e+00 0.000000000000000000e+00
2.774743824869999997e+01 0.000000000000000000e+00 0.000000000000000000e+00
2.777601439520000071e+01 0.000000000000000000e+00 0.000000000000000000e+00
2.780459054170000144e+01 0.000000000000000000e+00 0.000000000000000000e+00
2.783316668819999862e+01 0.000000000000000000e+00 0.000000000000000000e+00
2.786174283469999935e+01 0.000000000000000000e+00 0.000000000000000000e+00
2.789031898120000008e+01 0.000000000000000000e+00 0.000000000000000000e+00
2.791889512770000081e+01 0.000000000000000000e+00 0.000000000000000000e+00
2.794747127420000155e+01 0.000000000000000000e+00 0.000000000000000000e+00
2.797604742069999872e+01 0.000000000000000000e+00 0.000000000000000000e+00
2.800462356719999946e+01 0.000000000000000000e+00 0.000000000000000000e+00
2.803319971370000019e+01 0.000000000000000000e+00 0.000000000000000000e+00
2.806177586020000092e+01 0.000000000000000000e+00 0.000000000000000000e+00
2.809035200670000165e+01 0.000000000000000000e+00 0.000000000000000000e+00
2.811892815319999883e+01 0.000000000000000000e+00 0.000000000000000000e+00
2.814750429969999956e+01 0.000000000000000000e+00 0.000000000000000000e+00
2.817608044620000030e+01 0.000000000000000000e+00 0.000000000000000000e+00
2.820465659270000103e+01 0.000000000000000000e+00 0.000000000000000000e+00
2.823323273920000176e+01 0.000000000000000000e+00 0.000000000000000000e+00
2.826180888569999894e+01 0.000000000000000000e+00 0.000000000000000000e+00
2.829038503219999967e+01 0.000000000000000000e+00 0.000000000000000000e+00
2.831896117870000040e+01 0.000000000000000000e+00 0.000000000000000000e+00
2.834753732520000113e+01 0.000000000000000000e+00 0.000000000000000000e+00
2.837611347169999831e+01 0.000000000000000000e+00 0.000000000000000000e+00
2.840468961819999905e+01 0.000000000000000000e+00 0.000000000000000000e+00
2.843326576469999978e+01 0.000000000000000000e+00 0.000000000000000000e+00
2.846184191120000051e+01 0.000000000000000000e+00 0.000000000000000000e+00
2.849041805759999946e+01 0.000000000000000000e+00 0.000000000000000000e+00
2.851899420410000019e+01 0.000000000000000000e+00 0.000000000000000000e+00
2.854757035060000092e+01 0.000000000000000000e+00 0.000000000000000000e+00
2.857614649710000165e+01 0.000000000000000000e+00 0.000000000000000000e+00
2.860472264359999883e+01 0.000000000000000000e+00 0.000000000000000000e+00
2.863329879009999956e+01 0.000000000000000000e+00 0.000000000000000000e+00
2.866187493660000030e+01 0.000000000000000000e+00 0.000000000000000000e+00
2.869045108310000103e+01 0.000000000000000000e+00 0.000000000000000000e+00
2.871902722960000176e+01 0.000000000000000000e+00 0.000000000000000000e+00
2.874760337609999894e+01 0.000000000000000000e+00 0.000000000000000000e+00
2.877617952259999967e+01 0.000000000000000000e+00 0.000000000000000000e+00
2.880475566910000040e+01 0.000000000000000000e+00 0.000000000000000000e+00
2.883333181560000114e+01 0.000000000000000000e+00 0.000000000000000000e+00
2.886190796209999831e+01 0.000000000000000000e+00 0.000000000000000000e+00
2.889048410859999905e+01 0.000000000000000000e+00 0.000000000000000000e+00
2.891906025509999978e+01 0.000000000000000000e+00 0.000000000000000000e+00
2.894763640160000051e+01 0.000000000000000000e+00 0.000000000000000000e+00
2.897621254810000124e+01 0.000000000000000000e+00 0.000000000000000000e+00
2.900478869459999842e+01 0.000000000000000000e+00 0.000000000000000000e+00
2.903336484109999915e+01 0.000000000000000000e+00 0.000000000000000000e+00
2.906194098759999989e+01 0.000000000000000000e+00 0.000000000000000000e+00
2.909051713410000062e+01 0.000000000000000000e+00 0.000000000000000000e+00
2.911909328060000135e+01 0.000000000000000000e+00 0.000000000000000000e+00
2.914766942709999853e+01 0.000000000000000000e+00 0.000000000000000000e+00
2.917624557359999926e+01 0.000000000000000000e+00 0.000000000000000000e+00
2.920482172009999999e+01 0.000000000000000000e+00 0.000000000000000000e+00
2.923339786660000073e+01 0.000000000000000000e+00 0.000000000000000000e+00
2.926197401310000146e+01 0.000000000000000000e+00 0.000000000000000000e+00
2.929055015959999864e+01 0.000000000000000000e+00 0.000000000000000000e+00
2.931912630609999937e+01 0.000000000000000000e+00 0.000000000000000000e+00
2.934770245260000010e+01 0.000000000000000000e+00 0.000000000000000000e+00
2.937627859910000083e+01 0.000000000000000000e+00 0.000000000000000000e+00
2.940485474560000156e+01 0.000000000000000000e+00 0.000000000000000000e+00
2.943343089209999874e+01 0.000000000000000000e+00 0.000000000000000000e+00
2.946200703859999948e+01 0.000000000000000000e+00 0.000000000000000000e+00
2.949058318499999842e+01 0.000000000000000000e+00 0.000000000000000000e+00
2.951915933149999915e+01 0.000000000000000000e+00 0.000000000000000000e+00
2.954773547799999989e+01 0.000000000000000000e+00 0.000000000000000000e+00
2.957631162450000062e+01 0.000000000000000000e+00 0.000000000000000000e+00
2.960488777100000135e+01 0.000000000000000000e+00 0.000000000000000000e+00
2.963346391749999853e+01 0.000000000000000000e+00 0.000000000000000000e+00
2.966204006399999926e+01 0.000000000000000000e+00 0.000000000000000000e+00
2.969061621049999999e+01 0.000000000000000000e+00 0.000000000000000000e+00
2.971919235700000073e+01 0.000000000000000000e+00 0.000000000000000000e+00
2.974776850350000146e+01 0.000000000000000000e+00 0.000000000000000000e+00
2.977634464999999864e+01 0.000000000000000000e+00 0.000000000000000000e+00
2.980492079649999937e+01 0.000000000000000000e+00 0.000000000000000000e+00
2.983349694300000010e+01 0.000000000000000000e+00 0.000000000000000000e+00
2.986207308950000083e+01 0.000000000000000000e+00 0.000000000000000000e+00
2.989064923600000157e+01 0.000000000000000000e+00 0.000000000000000000e+00
2.991922538249999874e+01 0.000000000000000000e+00 0.000000000000000000e+00
2.994780152899999948e+01 0.000000000000000000e+00 0.000000000000000000e+00
2.997637767550000021e+01 0.000000000000000000e+00 0.000000000000000000e+00
3.000495382200000094e+01 0.000000000000000000e+00 0.000000000000000000e+00
3.003352996850000167e+01 0.000000000000000000e+00 0.000000000000000000e+00
3.006210611499999885e+01 0.000000000000000000e+00 0.000000000000000000e+00
3.009068226149999958e+01 0.000000000000000000e+00 0.000000000000000000e+00
3.011925840800000032e+01 0.000000000000000000e+00 0.000000000000000000e+00
3.014783455450000105e+01 0.000000000000000000e+00 0.000000000000000000e+00
3.017641070099999823e+01 0.000000000000000000e+00 0.000000000000000000e+00
3.020498684749999896e+01 0.000000000000000000e+00 0.000000000000000000e+00
3.023356299399999969e+01 0.000000000000000000e+00 0.000000000000000000e+00
3.026213914050000042e+01 0.000000000000000000e+00 0.000000000000000000e+00
3.029071528700000115e+01 0.000000000000000000e+00 0.000000000000000000e+00
3.031929143349999833e+01 0.000000000000000000e+00 0.000000000000000000e+00
3.034786757999999907e+01 0.000000000000000000e+00 0.000000000000000000e+00
3.037644372649999980e+01 0.000000000000000000e+00 0.000000000000000000e+00
3.040501987300000053e+01 0.000000000000000000e+00 0.000000000000000000e+00
3.043359601950000126e+01 0.000000000000000000e+00 0.000000000000000000e+00
3.046217216599999844e+01 0.000000000000000000e+00 0.000000000000000000e+00
3.049074831240000094e+01 0.000000000000000000e+00 0.000000000000000000e+00
3.051932445890000167e+01 0.000000000000000000e+00 0.000000000000000000e+00
3.054790060539999885e+01 0.000000000000000000e+00 0.000000000000000000e+00
3.057647675189999958e+01 0.000000000000000000e+00 0.000000000000000000e+00
3.060505289840000032e+01 0.000000000000000000e+00 0.000000000000000000e+00
3.063362904490000105e+01 0.000000000000000000e+00 0.000000000000000000e+00
3.066220519139999823e+01 0.000000000000000000e+00 0.000000000000000000e+00
3.069078133789999896e+01 0.000000000000000000e+00 0.000000000000000000e+00
3.071935748439999969e+01 0.000000000000000000e+00 0.000000000000000000e+00
3.074793363090000042e+01 0.000000000000000000e+00 0.000000000000000000e+00
3.077650977740000116e+01 0.000000000000000000e+00 0.000000000000000000e+00
3.080508592389999833e+01 0.000000000000000000e+00 0.000000000000000000e+00
3.083366207039999907e+01 0.000000000000000000e+00 0.000000000000000000e+00
3.086223821689999980e+01 0.000000000000000000e+00 0.000000000000000000e+00
3.089081436340000053e+01 0.000000000000000000e+00 0.000000000000000000e+00
3.091939050990000126e+01 0.000000000000000000e+00 0.000000000000000000e+00
3.094796665639999844e+01 0.000000000000000000e+00 0.000000000000000000e+00
3.097654280289999917e+01 0.000000000000000000e+00 0.000000000000000000e+00
3.100511894939999991e+01 0.000000000000000000e+00 0.000000000000000000e+00
3.103369509590000064e+01 0.000000000000000000e+00 0.000000000000000000e+00
3.106227124240000137e+01 0.000000000000000000e+00 0.000000000000000000e+00
3.109084738889999855e+01 0.000000000000000000e+00 0.000000000000000000e+00
3.111942353539999928e+01 0.000000000000000000e+00 0.000000000000000000e+00
3.114799968190000001e+01 0.000000000000000000e+00 0.000000000000000000e+00
3.117657582840000074e+01 0.000000000000000000e+00 0.000000000000000000e+00
3.120515197490000148e+01 0.000000000000000000e+00 0.000000000000000000e+00
3.123372812139999866e+01 0.000000000000000000e+00 0.000000000000000000e+00
3.126230426789999939e+01 0.000000000000000000e+00 0.000000000000000000e+00
3.129088041440000012e+01 0.000000000000000000e+00 0.000000000000000000e+00
3.131945656090000085e+01 0.000000000000000000e+00 0.000000000000000000e+00
3.134803270740000158e+01 0.000000000000000000e+00 0.000000000000000000e+00
3.137660885389999876e+01 0.000000000000000000e+00 0.000000000000000000e+00
3.140518500039999950e+01 0.000000000000000000e+00 0.000000000000000000e+00
3.143376114690000023e+01 0.000000000000000000e+00 0.000000000000000000e+00
3.146233729340000096e+01 0.000000000000000000e+00 0.000000000000000000e+00
3.149091343979999991e+01 0.000000000000000000e+00 0.000000000000000000e+00
3.151948958630000064e+01 0.000000000000000000e+00 0.000000000000000000e+00
3.154806573280000137e+01 0.000000000000000000e+00 0.000000000000000000e+00
3.157664187929999855e+01 0.000000000000000000e+00 0.000000000000000000e+00
3.160521802579999928e+01 0.000000000000000000e+00 0.000000000000000000e+00
3.163379417230000001e+01 0.000000000000000000e+00 0.000000000000000000e+00
3.166237031880000075e+01 0.000000000000000000e+00 0.000000000000000000e+00
3.169094646530000148e+01 0.000000000000000000e+00 0.000000000000000000e+00
3.171952261179999866e+01 0.000000000000000000e+00 0.000000000000000000e+00
3.174809875829999939e+01 0.000000000000000000e+00 0.000000000000000000e+00
3.177667490480000012e+01 0.000000000000000000e+00 0.000000000000000000e+00
3.180525105130000085e+01 0.000000000000000000e+00 0.000000000000000000e+00
3.183382719780000158e+01 0.000000000000000000e+00 0.000000000000000000e+00
3.186240334429999876e+01 0.000000000000000000e+00 0.000000000000000000e+00
3.189097949079999950e+01 0.000000000000000000e+00 0.000000000000000000e+00
3.191955563730000023e+01 0.000000000000000000e+00 0.000000000000000000e+00
3.194813178380000096e+01 0.000000000000000000e+00 0.000000000000000000e+00
3.197670793030000169e+01 0.000000000000000000e+00 0.000000000000000000e+00
3.200528407680000242e+01 0.000000000000000000e+00 0.000000000000000000e+00
3.203386022330000316e+01 0.000000000000000000e+00 0.000000000000000000e+00
3.206243636979999678e+01 0.000000000000000000e+00 0.000000000000000000e+00
3.209101251629999751e+01 0.000000000000000000e+00 0.000000000000000000e+00
3.211958866279999825e+01 0.000000000000000000e+00 0.000000000000000000e+00
3.214816480929999898e+01 0.000000000000000000e+00 0.000000000000000000e+00
3.217674095579999971e+01 0.000000000000000000e+00 0.000000000000000000e+00
3.220531710230000044e+01 0.000000000000000000e+00 0.000000000000000000e+00
3.223389324880000117e+01 0.000000000000000000e+00 0.000000000000000000e+00
3.226246939530000191e+01 0.000000000000000000e+00 0.000000000000000000e+00
3.229104554180000264e+01 0.000000000000000000e+00 0.000000000000000000e+00
3.231962168830000337e+01 0.000000000000000000e+00 0.000000000000000000e+00
3.234819783479999700e+01 0.000000000000000000e+00 0.000000000000000000e+00
3.237677398129999773e+01 0.000000000000000000e+00 0.000000000000000000e+00
3.240535012779999846e+01 0.000000000000000000e+00 0.000000000000000000e+00
3.243392627429999919e+01 0.000000000000000000e+00 0.000000000000000000e+00
3.246250242079999992e+01 0.000000000000000000e+00 0.000000000000000000e+00
3.249107856719999887e+01 0.000000000000000000e+00 0.000000000000000000e+00
3.251965471369999960e+01 0.000000000000000000e+00 0.000000000000000000e+00
3.254823086020000034e+01 0.000000000000000000e+00 0.000000000000000000e+00
3.257680700670000107e+01 0.000000000000000000e+00 0.000000000000000000e+00
3.260538315320000180e+01 0.000000000000000000e+00 0.000000000000000000e+00
3.263395929970000253e+01 0.000000000000000000e+00 0.000000000000000000e+00
3.266253544620000326e+01 0.000000000000000000e+00 0.000000000000000000e+00
3.269111159269999689e+01 0.000000000000000000e+00 0.000000000000000000e+00
3.271968773919999762e+01 0.000000000000000000e+00 0.000000000000000000e+00
3.274826388569999835e+01 0.000000000000000000e+00 0.000000000000000000e+00
3.277684003219999909e+01 0.000000000000000000e+00 0.000000000000000000e+00
3.280541617869999982e+01 0.000000000000000000e+00 0.000000000000000000e+00
3.283399232520000055e+01 0.000000000000000000e+00 0.000000000000000000e+00
3.286256847170000128e+01 0.000000000000000000e+00 0.000000000000000000e+00
3.289114461820000201e+01 0.000000000000000000e+00 0.000000000000000000e+00
3.291972076470000275e+01 0.000000000000000000e+00 0.000000000000000000e+00
3.294829691120000348e+01 0.000000000000000000e+00 0.000000000000000000e+00
3.297687305769999710e+01 0.000000000000000000e+00 0.000000000000000000e+00
3.300544920419999784e+01 0.000000000000000000e+00 0.000000000000000000e+00
3.303402535069999857e+01 0.000000000000000000e+00 0.000000000000000000e+00
3.306260149719999930e+01 0.000000000000000000e+00 0.000000000000000000e+00
3.309117764370000003e+01 0.000000000000000000e+00 0.000000000000000000e+00
3.311975379020000076e+01 0.000000000000000000e+00 0.000000000000000000e+00
3.314832993670000150e+01 0.000000000000000000e+00 0.000000000000000000e+00
3.317690608320000223e+01 0.000000000000000000e+00 0.000000000000000000e+00
3.320548222970000296e+01 0.000000000000000000e+00 0.000000000000000000e+00
3.323405837619999659e+01 0.000000000000000000e+00 0.000000000000000000e+00
3.326263452269999732e+01 0.000000000000000000e+00 0.000000000000000000e+00
3.329121066919999805e+01 0.000000000000000000e+00 0.000000000000000000e+00
3.331978681569999878e+01 0.000000000000000000e+00 0.000000000000000000e+00
3.334836296219999952e+01 0.000000000000000000e+00 0.000000000000000000e+00
3.337693910870000025e+01 0.000000000000000000e+00 0.000000000000000000e+00
3.340551525520000098e+01 0.000000000000000000e+00 0.000000000000000000e+00
3.343409140170000171e+01 0.000000000000000000e+00 0.000000000000000000e+00
3.346266754810000066e+01 0.000000000000000000e+00 0.000000000000000000e+00
3.349124369460000139e+01 0.000000000000000000e+00 0.000000000000000000e+00
3.351981984110000212e+01 0.000000000000000000e+00 0.000000000000000000e+00
3.354839598760000285e+01 0.000000000000000000e+00 0.000000000000000000e+00
3.357697213409999648e+01 0.000000000000000000e+00 0.000000000000000000e+00
3.360554828059999721e+01 0.000000000000000000e+00 0.000000000000000000e+00
3.363412442709999794e+01 0.000000000000000000e+00 0.000000000000000000e+00
3.366270057359999868e+01 0.000000000000000000e+00 0.000000000000000000e+00
3.369127672009999941e+01 0.000000000000000000e+00 0.000000000000000000e+00
3.371985286660000014e+01 0.000000000000000000e+00 0.000000000000000000e+00
3.374842901310000087e+01 0.000000000000000000e+00 0.000000000000000000e+00
3.377700515960000160e+01 0.000000000000000000e+00 0.000000000000000000e+00
3.380558130610000234e+01 0.000000000000000000e+00 0.000000000000000000e+00
3.383415745260000307e+01 0.000000000000000000e+00 0.000000000000000000e+00
3.386273359909999670e+01 0.000000000000000000e+00 0.000000000000000000e+00
3.389130974559999743e+01 0.000000000000000000e+00 0.000000000000000000e+00
3.391988589209999816e+01 0.000000000000000000e+00 0.000000000000000000e+00
3.394846203859999889e+01 0.000000000000000000e+00 0.000000000000000000e+00
3.397703818509999962e+01 0.000000000000000000e+00 0.000000000000000000e+00
3.400561433160000036e+01 0.000000000000000000e+00 0.000000000000000000e+00
3.403419047810000109e+01 0.000000000000000000e+00 0.000000000000000000e+00
3.406276662460000182e+01 0.000000000000000000e+00 0.000000000000000000e+00
3.409134277110000255e+01 0.000000000000000000e+00 0.000000000000000000e+00
3.411991891760000328e+01 0.000000000000000000e+00 0.000000000000000000e+00
3.414849506409999691e+01 0.000000000000000000e+00 0.000000000000000000e+00
3.417707121059999764e+01 0.000000000000000000e+00 0.000000000000000000e+00
3.420564735709999837e+01 0.000000000000000000e+00 0.000000000000000000e+00
3.423422350359999911e+01 0.000000000000000000e+00 0.000000000000000000e+00
3.426279965009999984e+01 0.000000000000000000e+00 0.000000000000000000e+00
