-1.000000000000000000e+00 1.000000000000000000e+00 1.000000000000000000e+00 1.000000000000000000e+00
2.000000000000000000e+00 0.000000000000000000e+00 -2.000000000000000000e+00 2.000000000000000000e+00
-5.000000000000000000e+00 -3.000000000000000000e+00 -2.000000000000000000e+00 2.000000000000000000e+00
-1.000000000000000000e+00 1.000000000000000000e+00 -1.000000000000000000e+00 3.000000000000000000e+00
1.000000000000000000e+00 -1.000000000000000000e+00 -2.000000000000000000e+00 3.000000000000000000e+00
1.000000000000000000e+00 -1.000000000000000000e+00 1.000000000000000000e+00 3.000000000000000000e+00
2.000000000000000000e+00 2.000000000000000000e+00 -1.000000000000000000e+00 4.000000000000000000e+00
-3.000000000000000000e+00 -5.000000000000000000e+00 -2.000000000000000000e+00 4.000000000000000000e+00
0.000000000000000000e+00 0.000000000000000000e+00 -5.000000000000000000e+00 6.000000000000000000e+00
2.000000000000000000e+00 2.000000000000000000e+00 -2.000000000000000000e+00 9.000000000000000000e+00
-3.000000000000000000e+00 -3.000000000000000000e+00 0.000000000000000000e+00 1.200000000000000000e+01
1.000000000000000000e+00 -1.000000000000000000e+00 -1.000000000000000000e+00 1.600000000000000000e+01
-2.000000000000000000e+00 0.000000000000000000e+00 -5.000000000000000000e+00 2.100000000000000000e+01
0.000000000000000000e+00 -2.000000000000000000e+00 -5.000000000000000000e+00 2.800000000000000000e+01
1.000000000000000000e+00 2.000000000000000000e+00 0.000000000000000000e+00 4.400000000000000000e+01
-3.000000000000000000e+00 -1.000000000000000000e+00 0.000000000000000000e+00 4.600000000000000000e+01
2.000000000000000000e+00 1.000000000000000000e+00 0.000000000000000000e+00 4.600000000000000000e+01
0.000000000000000000e+00 2.000000000000000000e+00 0.000000000000000000e+00 5.000000000000000000e+01
-4.000000000000000000e+00 -2.000000000000000000e+00 -5.000000000000000000e+00 5.100000000000000000e+01
-4.000000000000000000e+00 -2.000000000000000000e+00 -1.000000000000000000e+00 5.100000000000000000e+01
-3.000000000000000000e+00 -1.000000000000000000e+00 -5.000000000000000000e+00 5.300000000000000000e+01
0.000000000000000000e+00 2.000000000000000000e+00 -3.000000000000000000e+00 5.700000000000000000e+01
1.000000000000000000e+00 2.000000000000000000e+00 -1.000000000000000000e+00 5.800000000000000000e+01
2.000000000000000000e+00 1.000000000000000000e+00 -1.000000000000000000e+00 6.000000000000000000e+01
-1.000000000000000000e+00 -3.000000000000000000e+00 0.000000000000000000e+00 6.500000000000000000e+01
-1.000000000000000000e+00 1.000000000000000000e+00 -4.000000000000000000e+00 6.600000000000000000e+01
-1.000000000000000000e+00 1.000000000000000000e+00 -3.000000000000000000e+00 6.800000000000000000e+01
-1.000000000000000000e+00 1.000000000000000000e+00 0.000000000000000000e+00 7.100000000000000000e+01
-2.000000000000000000e+00 -4.000000000000000000e+00 -1.000000000000000000e+00 7.200000000000000000e+01
-2.000000000000000000e+00 -4.000000000000000000e+00 -5.000000000000000000e+00 7.300000000000000000e+01
2.000000000000000000e+00 0.000000000000000000e+00 0.000000000000000000e+00 7.400000000000000000e+01
-5.000000000000000000e+00 -3.000000000000000000e+00 -4.000000000000000000e+00 7.600000000000000000e+01
-1.000000000000000000e+00 -3.000000000000000000e+00 -5.000000000000000000e+00 7.700000000000000000e+01
-1.000000000000000000e+00 0.000000000000000000e+00 -5.000000000000000000e+00 7.900000000000000000e+01
0.000000000000000000e+00 -1.000000000000000000e+00 -5.000000000000000000e+00 7.900000000000000000e+01
0.000000000000000000e+00 2.000000000000000000e+00 1.000000000000000000e+00 8.100000000000000000e+01
2.000000000000000000e+00 0.000000000000000000e+00 -3.000000000000000000e+00 9.200000000000000000e+01
-5.000000000000000000e+00 -3.000000000000000000e+00 -3.000000000000000000e+00 9.200000000000000000e+01
1.000000000000000000e+00 -1.000000000000000000e+00 -4.000000000000000000e+00 9.600000000000000000e+01
-2.000000000000000000e+00 0.000000000000000000e+00 0.000000000000000000e+00 9.900000000000000000e+01
2.000000000000000000e+00 1.000000000000000000e+00 1.000000000000000000e+00 1.000000000000000000e+02
1.000000000000000000e+00 2.000000000000000000e+00 1.000000000000000000e+00 1.020000000000000000e+02
-3.000000000000000000e+00 -5.000000000000000000e+00 -4.000000000000000000e+00 1.030000000000000000e+02
1.000000000000000000e+00 -1.000000000000000000e+00 -3.000000000000000000e+00 1.090000000000000000e+02
-2.000000000000000000e+00 0.000000000000000000e+00 -3.000000000000000000e+00 1.100000000000000000e+02
-3.000000000000000000e+00 -1.000000000000000000e+00 -1.000000000000000000e+00 1.100000000000000000e+02
-2.000000000000000000e+00 0.000000000000000000e+00 -4.000000000000000000e+00 1.100000000000000000e+02
-2.000000000000000000e+00 0.000000000000000000e+00 -2.000000000000000000e+00 1.100000000000000000e+02
-2.000000000000000000e+00 0.000000000000000000e+00 -1.000000000000000000e+00 1.100000000000000000e+02
-4.000000000000000000e+00 -2.000000000000000000e+00 -3.000000000000000000e+00 1.100000000000000000e+02
-4.000000000000000000e+00 -2.000000000000000000e+00 -4.000000000000000000e+00 1.100000000000000000e+02
-3.000000000000000000e+00 -1.000000000000000000e+00 -3.000000000000000000e+00 1.100000000000000000e+02
-3.000000000000000000e+00 -1.000000000000000000e+00 -2.000000000000000000e+00 1.100000000000000000e+02
-3.000000000000000000e+00 -1.000000000000000000e+00 -4.000000000000000000e+00 1.100000000000000000e+02
-4.000000000000000000e+00 -2.000000000000000000e+00 -2.000000000000000000e+00 1.100000000000000000e+02
2.000000000000000000e+00 0.000000000000000000e+00 1.000000000000000000e+00 1.110000000000000000e+02
1.000000000000000000e+00 -1.000000000000000000e+00 0.000000000000000000e+00 1.140000000000000000e+02
-4.000000000000000000e+00 -3.000000000000000000e+00 -1.000000000000000000e+00 1.200000000000000000e+02
-3.000000000000000000e+00 -4.000000000000000000e+00 -1.000000000000000000e+00 1.220000000000000000e+02
-3.000000000000000000e+00 -5.000000000000000000e+00 -3.000000000000000000e+00 1.270000000000000000e+02
1.000000000000000000e+00 1.000000000000000000e+00 -4.000000000000000000e+00 1.330000000000000000e+02
0.000000000000000000e+00 -2.000000000000000000e+00 0.000000000000000000e+00 1.450000000000000000e+02
-2.000000000000000000e+00 -4.000000000000000000e+00 -2.000000000000000000e+00 1.570000000000000000e+02
0.000000000000000000e+00 -2.000000000000000000e+00 -2.000000000000000000e+00 1.590000000000000000e+02
-4.000000000000000000e+00 -5.000000000000000000e+00 -3.000000000000000000e+00 1.600000000000000000e+02
-5.000000000000000000e+00 -4.000000000000000000e+00 -3.000000000000000000e+00 1.610000000000000000e+02
0.000000000000000000e+00 -2.000000000000000000e+00 -1.000000000000000000e+00 1.630000000000000000e+02
0.000000000000000000e+00 -2.000000000000000000e+00 -3.000000000000000000e+00 1.640000000000000000e+02
-1.000000000000000000e+00 -3.000000000000000000e+00 -1.000000000000000000e+00 1.650000000000000000e+02
-1.000000000000000000e+00 -3.000000000000000000e+00 -2.000000000000000000e+00 1.650000000000000000e+02
-1.000000000000000000e+00 -3.000000000000000000e+00 -4.000000000000000000e+00 1.650000000000000000e+02
-3.000000000000000000e+00 -2.000000000000000000e+00 0.000000000000000000e+00 1.650000000000000000e+02
0.000000000000000000e+00 -2.000000000000000000e+00 -4.000000000000000000e+00 1.650000000000000000e+02
-2.000000000000000000e+00 -4.000000000000000000e+00 -4.000000000000000000e+00 1.650000000000000000e+02
-2.000000000000000000e+00 -4.000000000000000000e+00 -3.000000000000000000e+00 1.650000000000000000e+02
-1.000000000000000000e+00 -3.000000000000000000e+00 -3.000000000000000000e+00 1.650000000000000000e+02
-1.000000000000000000e+00 0.000000000000000000e+00 1.000000000000000000e+00 1.670000000000000000e+02
0.000000000000000000e+00 -1.000000000000000000e+00 1.000000000000000000e+00 1.680000000000000000e+02
-2.000000000000000000e+00 -3.000000000000000000e+00 0.000000000000000000e+00 1.690000000000000000e+02
-1.000000000000000000e+00 -1.000000000000000000e+00 1.000000000000000000e+00 1.790000000000000000e+02
-5.000000000000000000e+00 -4.000000000000000000e+00 -4.000000000000000000e+00 1.830000000000000000e+02
-4.000000000000000000e+00 -5.000000000000000000e+00 -4.000000000000000000e+00 1.860000000000000000e+02
-4.000000000000000000e+00 -4.000000000000000000e+00 -5.000000000000000000e+00 2.480000000000000000e+02
1.000000000000000000e+00 2.000000000000000000e+00 -2.000000000000000000e+00 3.130000000000000000e+02
1.000000000000000000e+00 2.000000000000000000e+00 -3.000000000000000000e+00 3.360000000000000000e+02
2.000000000000000000e+00 1.000000000000000000e+00 -2.000000000000000000e+00 3.520000000000000000e+02
2.000000000000000000e+00 1.000000000000000000e+00 -3.000000000000000000e+00 3.580000000000000000e+02
0.000000000000000000e+00 1.000000000000000000e+00 -4.000000000000000000e+00 3.680000000000000000e+02
-4.000000000000000000e+00 -4.000000000000000000e+00 -2.000000000000000000e+00 3.830000000000000000e+02
1.000000000000000000e+00 0.000000000000000000e+00 -4.000000000000000000e+00 3.880000000000000000e+02
-4.000000000000000000e+00 -3.000000000000000000e+00 -5.000000000000000000e+00 3.960000000000000000e+02
-3.000000000000000000e+00 -4.000000000000000000e+00 -5.000000000000000000e+00 4.140000000000000000e+02
0.000000000000000000e+00 0.000000000000000000e+00 1.000000000000000000e+00 4.310000000000000000e+02
0.000000000000000000e+00 1.000000000000000000e+00 -1.000000000000000000e+00 4.400000000000000000e+02
-2.000000000000000000e+00 -1.000000000000000000e+00 -5.000000000000000000e+00 4.630000000000000000e+02
-1.000000000000000000e+00 -1.000000000000000000e+00 -5.000000000000000000e+00 4.750000000000000000e+02
-1.000000000000000000e+00 -2.000000000000000000e+00 -5.000000000000000000e+00 4.870000000000000000e+02
1.000000000000000000e+00 0.000000000000000000e+00 -1.000000000000000000e+00 4.920000000000000000e+02
0.000000000000000000e+00 1.000000000000000000e+00 -2.000000000000000000e+00 5.110000000000000000e+02
1.000000000000000000e+00 0.000000000000000000e+00 -2.000000000000000000e+00 5.680000000000000000e+02
1.000000000000000000e+00 1.000000000000000000e+00 -1.000000000000000000e+00 6.170000000000000000e+02
0.000000000000000000e+00 1.000000000000000000e+00 1.000000000000000000e+00 6.290000000000000000e+02
-3.000000000000000000e+00 -2.000000000000000000e+00 -5.000000000000000000e+00 6.290000000000000000e+02
1.000000000000000000e+00 0.000000000000000000e+00 1.000000000000000000e+00 6.580000000000000000e+02
-2.000000000000000000e+00 -3.000000000000000000e+00 -5.000000000000000000e+00 6.670000000000000000e+02
-2.000000000000000000e+00 -2.000000000000000000e+00 0.000000000000000000e+00 7.550000000000000000e+02
-2.000000000000000000e+00 -1.000000000000000000e+00 0.000000000000000000e+00 7.970000000000000000e+02
-4.000000000000000000e+00 -3.000000000000000000e+00 -2.000000000000000000e+00 8.200000000000000000e+02
-1.000000000000000000e+00 -2.000000000000000000e+00 0.000000000000000000e+00 8.460000000000000000e+02
-1.000000000000000000e+00 0.000000000000000000e+00 -2.000000000000000000e+00 8.520000000000000000e+02
-3.000000000000000000e+00 -3.000000000000000000e+00 -1.000000000000000000e+00 8.550000000000000000e+02
-2.000000000000000000e+00 -2.000000000000000000e+00 -5.000000000000000000e+00 8.650000000000000000e+02
-3.000000000000000000e+00 -4.000000000000000000e+00 -2.000000000000000000e+00 8.720000000000000000e+02
-3.000000000000000000e+00 -3.000000000000000000e+00 -5.000000000000000000e+00 8.930000000000000000e+02
-1.000000000000000000e+00 0.000000000000000000e+00 -1.000000000000000000e+00 9.060000000000000000e+02
0.000000000000000000e+00 1.000000000000000000e+00 -3.000000000000000000e+00 9.270000000000000000e+02
0.000000000000000000e+00 -1.000000000000000000e+00 -2.000000000000000000e+00 9.280000000000000000e+02
-3.000000000000000000e+00 -2.000000000000000000e+00 -1.000000000000000000e+00 9.440000000000000000e+02
-1.000000000000000000e+00 0.000000000000000000e+00 -4.000000000000000000e+00 9.470000000000000000e+02
0.000000000000000000e+00 1.000000000000000000e+00 0.000000000000000000e+00 9.700000000000000000e+02
0.000000000000000000e+00 -1.000000000000000000e+00 -1.000000000000000000e+00 9.870000000000000000e+02
-1.000000000000000000e+00 0.000000000000000000e+00 -3.000000000000000000e+00 9.960000000000000000e+02
1.000000000000000000e+00 0.000000000000000000e+00 -3.000000000000000000e+00 1.006000000000000000e+03
0.000000000000000000e+00 -1.000000000000000000e+00 -4.000000000000000000e+00 1.009000000000000000e+03
0.000000000000000000e+00 0.000000000000000000e+00 -4.000000000000000000e+00 1.009000000000000000e+03
-1.000000000000000000e+00 0.000000000000000000e+00 0.000000000000000000e+00 1.011000000000000000e+03
-2.000000000000000000e+00 -3.000000000000000000e+00 -1.000000000000000000e+00 1.014000000000000000e+03
-4.000000000000000000e+00 -3.000000000000000000e+00 -4.000000000000000000e+00 1.019000000000000000e+03
-2.000000000000000000e+00 -1.000000000000000000e+00 -2.000000000000000000e+00 1.023000000000000000e+03
-2.000000000000000000e+00 -1.000000000000000000e+00 -4.000000000000000000e+00 1.023000000000000000e+03
-4.000000000000000000e+00 -3.000000000000000000e+00 -3.000000000000000000e+00 1.023000000000000000e+03
-3.000000000000000000e+00 -2.000000000000000000e+00 -4.000000000000000000e+00 1.023000000000000000e+03
-3.000000000000000000e+00 -2.000000000000000000e+00 -2.000000000000000000e+00 1.023000000000000000e+03
-2.000000000000000000e+00 -1.000000000000000000e+00 -1.000000000000000000e+00 1.023000000000000000e+03
-2.000000000000000000e+00 -1.000000000000000000e+00 -3.000000000000000000e+00 1.023000000000000000e+03
-3.000000000000000000e+00 -2.000000000000000000e+00 -3.000000000000000000e+00 1.023000000000000000e+03
1.000000000000000000e+00 1.000000000000000000e+00 1.000000000000000000e+00 1.027000000000000000e+03
1.000000000000000000e+00 1.000000000000000000e+00 0.000000000000000000e+00 1.034000000000000000e+03
1.000000000000000000e+00 0.000000000000000000e+00 0.000000000000000000e+00 1.046000000000000000e+03
0.000000000000000000e+00 -1.000000000000000000e+00 -3.000000000000000000e+00 1.070000000000000000e+03
0.000000000000000000e+00 -1.000000000000000000e+00 0.000000000000000000e+00 1.083000000000000000e+03
-3.000000000000000000e+00 -4.000000000000000000e+00 -4.000000000000000000e+00 1.093000000000000000e+03
-1.000000000000000000e+00 -2.000000000000000000e+00 -2.000000000000000000e+00 1.100000000000000000e+03
-3.000000000000000000e+00 -4.000000000000000000e+00 -3.000000000000000000e+00 1.100000000000000000e+03
-1.000000000000000000e+00 -2.000000000000000000e+00 -4.000000000000000000e+00 1.100000000000000000e+03
-2.000000000000000000e+00 -3.000000000000000000e+00 -4.000000000000000000e+00 1.100000000000000000e+03
-2.000000000000000000e+00 -3.000000000000000000e+00 -3.000000000000000000e+00 1.100000000000000000e+03
-1.000000000000000000e+00 -2.000000000000000000e+00 -3.000000000000000000e+00 1.100000000000000000e+03
-2.000000000000000000e+00 -3.000000000000000000e+00 -2.000000000000000000e+00 1.100000000000000000e+03
-1.000000000000000000e+00 -2.000000000000000000e+00 -1.000000000000000000e+00 1.100000000000000000e+03
-4.000000000000000000e+00 -4.000000000000000000e+00 -3.000000000000000000e+00 1.165000000000000000e+03
1.000000000000000000e+00 1.000000000000000000e+00 -3.000000000000000000e+00 1.214000000000000000e+03
-4.000000000000000000e+00 -4.000000000000000000e+00 -4.000000000000000000e+00 1.215000000000000000e+03
1.000000000000000000e+00 1.000000000000000000e+00 -2.000000000000000000e+00 1.239000000000000000e+03
0.000000000000000000e+00 0.000000000000000000e+00 -2.000000000000000000e+00 1.317000000000000000e+03
0.000000000000000000e+00 0.000000000000000000e+00 -1.000000000000000000e+00 1.317000000000000000e+03
-1.000000000000000000e+00 -1.000000000000000000e+00 0.000000000000000000e+00 1.321000000000000000e+03
-1.000000000000000000e+00 -1.000000000000000000e+00 -3.000000000000000000e+00 1.331000000000000000e+03
-2.000000000000000000e+00 -2.000000000000000000e+00 -3.000000000000000000e+00 1.331000000000000000e+03
0.000000000000000000e+00 0.000000000000000000e+00 0.000000000000000000e+00 1.331000000000000000e+03
-3.000000000000000000e+00 -3.000000000000000000e+00 -4.000000000000000000e+00 1.331000000000000000e+03
-1.000000000000000000e+00 -1.000000000000000000e+00 -4.000000000000000000e+00 1.331000000000000000e+03
-1.000000000000000000e+00 -1.000000000000000000e+00 -2.000000000000000000e+00 1.331000000000000000e+03
-3.000000000000000000e+00 -3.000000000000000000e+00 -2.000000000000000000e+00 1.331000000000000000e+03
-2.000000000000000000e+00 -2.000000000000000000e+00 -1.000000000000000000e+00 1.331000000000000000e+03
-3.000000000000000000e+00 -3.000000000000000000e+00 -3.000000000000000000e+00 1.331000000000000000e+03
-1.000000000000000000e+00 -1.000000000000000000e+00 -1.000000000000000000e+00 1.331000000000000000e+03
0.000000000000000000e+00 0.000000000000000000e+00 -3.000000000000000000e+00 1.331000000000000000e+03
-2.000000000000000000e+00 -2.000000000000000000e+00 -4.000000000000000000e+00 1.331000000000000000e+03
-2.000000000000000000e+00 -2.000000000000000000e+00 -2.000000000000000000e+00 1.331000000000000000e+03
