-1.946002126528650900e+00 -2.033722551745225537e+00 -1.984648406305750346e+00
-1.900157727090036719e+00 -2.052913863465223976e+00 -3.975652440724453118e+00
8.096996441715066661e-02 -2.970833347678893815e-02 -2.971192488595187253e+00
-9.697762356631165481e-01 -1.021665752367181268e+00 -9.893548868318663425e-01
-2.908090530325736278e+00 -3.047819493249980916e+00 -2.991792791918875150e+00
-1.955349475473261212e+00 -2.020694083662866181e+00 -1.001775006377502608e+00
-2.935616431648738978e+00 -3.031554909321056090e+00 -1.998777274622568267e+00
-9.538676508171267665e-01 -1.027828670237500575e+00 -2.000458124963919726e+00
-9.022226386129135189e-01 -1.054390329949050908e+00 -3.972656772381292001e+00
-2.890179018376110687e+00 -3.053408570476413342e+00 -3.979472000481132365e+00
-1.916758934432884365e+00 -2.044632807397162910e+00 -2.981742056738533986e+00
-9.271486878292463096e-01 -1.046128613205895119e+00 -2.979087907091248155e+00
-9.737338355596200090e-01 -1.002189457092384162e+00 1.149104416755998212e-02
-9.551179516838542716e-01 -1.967923785242022383e+00 -9.448028138903907802e-01
-1.925023343933211173e+00 -2.997410473291794109e+00 -1.958574866522423186e+00
-9.147177577951518535e-01 -2.025963328729271318e+00 -2.930347622138984143e+00
-1.933447654630272572e+00 -2.990527103572734102e+00 -2.956672721757995781e+00
-1.909635771668399373e+00 -3.005543753032944299e+00 -3.956137053039222362e+00
-9.097918494500503162e-01 -2.003913654430804492e+00 -3.947419010253315541e+00
-2.923141301244462920e+00 -3.994555914801154017e+00 -2.963765043029430224e+00
-9.275200112842280076e-01 -1.992441436238989949e+00 -1.945967396683663697e+00
5.289300143289830947e-02 -9.846827272194381697e-01 -2.946979350507833217e+00
1.017485026987753338e+00 5.176923265993486206e-02 5.523038213371726790e-02
9.715988272496657308e-01 1.002987782965697683e+00 1.010103483600875762e+00
-2.917697689205992262e+00 -2.099334928607740736e+00 -3.033271236941388338e+00
-1.923828525403130874e+00 -1.119123824585654514e+00 -3.055764638542698197e+00
-1.969243774573791406e+00 -1.080659075608752184e+00 -1.044354224035174417e+00
-2.944436488706020594e+00 -2.084997051102210008e+00 -2.045709266439176943e+00
-2.894942245794724034e+00 -2.104078225750412923e+00 -4.027440146903183305e+00
-3.911919013795549738e+00 -3.097071026636342594e+00 -3.041265029686603949e+00
-1.901292857558796179e+00 -1.100374433874657054e+00 -4.020111143171514634e+00
-1.951248438055750656e+00 -1.082270491204939233e+00 -2.040935423424770967e+00
-3.888270485012154332e+00 -3.119484814039458431e+00 -4.043221983274273512e+00
-1.919392558927966563e+00 -2.967505006304508086e+00 -9.307818587597489479e-01
-1.011744500397908642e+00 -5.653023496245528773e-02 -4.843868007065562503e-02
1.060810694165466472e+00 1.857336398821075873e-02 -2.934623057683785063e+00
-9.339484058651675857e-01 -9.714846018042719300e-02 -3.023026626032475850e+00
2.465907610119012425e-02 -9.661146008044564359e-01 -9.412277073433498176e-01
-7.801411913348934093e-03 9.605004263773347928e-01 -4.013869282492141949e-02
-9.008634085773703504e-01 -1.066707593796552694e-01 -4.025547429570911717e+00
-3.003054080582208574e+00 -2.059843471215138777e+00 -9.927922653739404968e-01
6.759834923700407117e-02 9.102311635166260295e-01 -3.017053251573027506e+00
-9.790651495652160641e-01 -7.672689560538506481e-02 -1.029392639689215239e+00
