-9.318190577918237238e-01 -1.070714380094085483e+00 -3.017413356306865246e+00
-1.934250754323168175e+00 -2.086041842710455452e+00 -3.018341055828599462e+00
-9.783944951125227441e-01 -1.039577588179315004e+00 -9.993457551434518082e-01
-1.963263000235432543e+00 -2.066298643523989842e+00 -2.004478619322290101e+00
-1.911409542174933529e+00 -2.098903323484497374e+00 -4.021649690022177204e+00
-9.669523332564309293e-01 -1.062008067294047065e+00 -2.004862550683498501e+00
-2.934868068832881427e+00 -3.098815546369730001e+00 -3.023456875485373008e+00
-2.913441730003570207e+00 -3.113071626530826030e+00 -4.026251536911837903e+00
-1.975547964296659131e+00 -2.048331540322422928e+00 -1.009504252595160301e+00
-9.042993875071861920e-01 -1.089106305188743962e+00 -4.020746968940746235e+00
-2.962768614595491456e+00 -3.076898230267194556e+00 -2.015013643921715669e+00
-1.917952454388481831e+00 -3.062599429455632016e+00 -3.996739087426441461e+00
-9.231448419193082344e-01 -2.027686451955732494e+00 -1.958662689823539305e+00
-9.317680219618111881e-01 -2.034940690896605897e+00 -2.980389057667663710e+00
-1.934188806072878464e+00 -3.047994531799520068e+00 -2.984672380520697832e+00
7.764566435332025118e-02 -1.022397872241032957e+00 -2.976422776766487921e+00
-1.928182910934562955e+00 -3.042071844457171714e+00 -1.966966638825536462e+00
-9.637689289231202716e-01 -1.994721828956860232e+00 -9.515339251793886177e-01
-9.076028327738522306e-01 -2.052032400853765370e+00 -3.992577208491076224e+00
1.092244773701659621e+00 9.580061320260032653e-01 -3.002071810150254372e+00
2.220330510516491107e-02 -9.892038642325634568e-01 -9.565117196516871312e-01
4.440892098500626162e-16 1.089892783982360745e-02 -2.709445860649142227e-03
-2.935347867086031570e+00 -4.058667295037853506e+00 -2.989167107678961877e+00
1.102105831425722826e+00 -1.331301469888531396e-02 -2.962080055014894686e+00
-2.932509258178182421e+00 -2.145224956620746415e+00 -4.079769429585503815e+00
-1.980118440180197226e+00 -1.098524846688653023e+00 -2.064230581043994484e+00
-1.994418632512453771e+00 -1.092690401146326540e+00 -1.057360938647371462e+00
-1.958058993622947996e+00 -1.115175004076470300e+00 -3.071476108882753131e+00
-2.957463995722537931e+00 -2.132149453695230790e+00 -3.073086800177257327e+00
-9.483425632601737432e-01 -1.052768987358505409e-01 -3.069110061483645069e+00
-2.982362676356204556e+00 -2.112024298006826228e+00 -2.072093089871934968e+00
-1.928383634598559215e+00 -1.133808571682243027e+00 -4.076758892814867252e+00
-9.878859398623850430e-01 -1.016601993075452848e+00 1.005755218386958187e-02
-9.959457946523722072e-01 -8.206006523577850931e-02 -1.059730138151708134e+00
1.034121031229555454e+00 4.826674331981027632e-02 5.645068281103923086e-02
-3.961553379696837407e+00 -3.140840256703686606e+00 -3.077455663778859041e+00
5.799357949915236871e-02 9.070962081164581914e-01 -3.065125240688586494e+00
-2.926197021335487758e+00 -4.072027703053063163e+00 -3.995290249151532525e+00
-1.298416873872962167e-02 9.693923831686933612e-01 -4.746193036523142783e-02
-3.936838259227778192e+00 -3.155987302313877141e+00 -4.082376203965222494e+00
1.007925915711191250e-01 -1.040533412963186022e+00 -3.989146449914938941e+00
1.109431663420395592e-01 -8.727943524698493494e-02 -4.032235523399108068e+00
-9.219056402707298536e-01 -1.180539292615470220e-01 -4.075240346566628702e+00
-1.964033533498112494e+00 -3.010789776276990182e+00 -9.448232948440840051e-01
9.942395168213865597e-01 1.019598414444694567e+00 1.020545221229744115e+00
-2.999946437624877671e+00 -2.104471502043793407e+00 -1.057585550315124800e+00
-1.022364983545408945e+00 -5.352746355197607331e-02 -4.704240499810845993e-02
