-4.000000000000000000e+00 -2.000000000000000000e+00 -1.000000000000000000e+00 1.000000000000000000e+00
-2.000000000000000000e+00 -4.000000000000000000e+00 -1.000000000000000000e+00 2.000000000000000000e+00
2.000000000000000000e+00 0.000000000000000000e+00 -2.000000000000000000e+00 2.000000000000000000e+00
-4.000000000000000000e+00 -4.000000000000000000e+00 -5.000000000000000000e+00 9.000000000000000000e+00
-4.000000000000000000e+00 -2.000000000000000000e+00 -5.000000000000000000e+00 1.000000000000000000e+01
1.000000000000000000e+00 -1.000000000000000000e+00 -2.000000000000000000e+00 1.100000000000000000e+01
-2.000000000000000000e+00 -4.000000000000000000e+00 -5.000000000000000000e+00 1.200000000000000000e+01
-3.000000000000000000e+00 -1.000000000000000000e+00 -5.000000000000000000e+00 2.100000000000000000e+01
0.000000000000000000e+00 2.000000000000000000e+00 0.000000000000000000e+00 3.000000000000000000e+01
-1.000000000000000000e+00 1.000000000000000000e+00 -1.000000000000000000e+00 3.200000000000000000e+01
2.000000000000000000e+00 2.000000000000000000e+00 -3.000000000000000000e+00 3.600000000000000000e+01
-1.000000000000000000e+00 -3.000000000000000000e+00 -5.000000000000000000e+00 3.900000000000000000e+01
-1.000000000000000000e+00 1.000000000000000000e+00 -4.000000000000000000e+00 4.100000000000000000e+01
-1.000000000000000000e+00 1.000000000000000000e+00 0.000000000000000000e+00 4.400000000000000000e+01
1.000000000000000000e+00 1.000000000000000000e+00 -4.000000000000000000e+00 4.500000000000000000e+01
0.000000000000000000e+00 2.000000000000000000e+00 -3.000000000000000000e+00 4.700000000000000000e+01
-2.000000000000000000e+00 0.000000000000000000e+00 0.000000000000000000e+00 5.500000000000000000e+01
0.000000000000000000e+00 0.000000000000000000e+00 1.000000000000000000e+00 5.700000000000000000e+01
0.000000000000000000e+00 2.000000000000000000e+00 1.000000000000000000e+00 6.400000000000000000e+01
2.000000000000000000e+00 0.000000000000000000e+00 0.000000000000000000e+00 6.600000000000000000e+01
2.000000000000000000e+00 2.000000000000000000e+00 -1.000000000000000000e+00 6.900000000000000000e+01
1.000000000000000000e+00 -1.000000000000000000e+00 -4.000000000000000000e+00 8.400000000000000000e+01
1.000000000000000000e+00 -1.000000000000000000e+00 0.000000000000000000e+00 9.100000000000000000e+01
1.000000000000000000e+00 -1.000000000000000000e+00 -1.000000000000000000e+00 9.800000000000000000e+01
-1.000000000000000000e+00 1.000000000000000000e+00 -3.000000000000000000e+00 1.050000000000000000e+02
-2.000000000000000000e+00 0.000000000000000000e+00 -4.000000000000000000e+00 1.070000000000000000e+02
2.000000000000000000e+00 0.000000000000000000e+00 -3.000000000000000000e+00 1.090000000000000000e+02
0.000000000000000000e+00 -2.000000000000000000e+00 0.000000000000000000e+00 1.150000000000000000e+02
-3.000000000000000000e+00 -1.000000000000000000e+00 -1.000000000000000000e+00 1.190000000000000000e+02
1.000000000000000000e+00 2.000000000000000000e+00 1.000000000000000000e+00 1.210000000000000000e+02
-4.000000000000000000e+00 -2.000000000000000000e+00 -2.000000000000000000e+00 1.220000000000000000e+02
-3.000000000000000000e+00 -1.000000000000000000e+00 -3.000000000000000000e+00 1.230000000000000000e+02
2.000000000000000000e+00 0.000000000000000000e+00 1.000000000000000000e+00 1.230000000000000000e+02
-2.000000000000000000e+00 0.000000000000000000e+00 -3.000000000000000000e+00 1.240000000000000000e+02
-2.000000000000000000e+00 0.000000000000000000e+00 -2.000000000000000000e+00 1.240000000000000000e+02
-4.000000000000000000e+00 -2.000000000000000000e+00 -4.000000000000000000e+00 1.260000000000000000e+02
-4.000000000000000000e+00 -2.000000000000000000e+00 -3.000000000000000000e+00 1.260000000000000000e+02
-3.000000000000000000e+00 -1.000000000000000000e+00 -4.000000000000000000e+00 1.260000000000000000e+02
-3.000000000000000000e+00 -1.000000000000000000e+00 -2.000000000000000000e+00 1.260000000000000000e+02
-2.000000000000000000e+00 0.000000000000000000e+00 -1.000000000000000000e+00 1.260000000000000000e+02
2.000000000000000000e+00 1.000000000000000000e+00 1.000000000000000000e+00 1.420000000000000000e+02
1.000000000000000000e+00 2.000000000000000000e+00 0.000000000000000000e+00 1.590000000000000000e+02
-4.000000000000000000e+00 -3.000000000000000000e+00 -5.000000000000000000e+00 1.900000000000000000e+02
-3.000000000000000000e+00 -4.000000000000000000e+00 -5.000000000000000000e+00 2.000000000000000000e+02
2.000000000000000000e+00 2.000000000000000000e+00 -2.000000000000000000e+00 2.020000000000000000e+02
0.000000000000000000e+00 -2.000000000000000000e+00 -4.000000000000000000e+00 2.270000000000000000e+02
2.000000000000000000e+00 1.000000000000000000e+00 0.000000000000000000e+00 2.340000000000000000e+02
1.000000000000000000e+00 -1.000000000000000000e+00 -3.000000000000000000e+00 2.420000000000000000e+02
-1.000000000000000000e+00 -3.000000000000000000e+00 -1.000000000000000000e+00 2.520000000000000000e+02
-2.000000000000000000e+00 -4.000000000000000000e+00 -2.000000000000000000e+00 2.590000000000000000e+02
-1.000000000000000000e+00 -3.000000000000000000e+00 -3.000000000000000000e+00 2.650000000000000000e+02
-2.000000000000000000e+00 -4.000000000000000000e+00 -4.000000000000000000e+00 2.660000000000000000e+02
0.000000000000000000e+00 -2.000000000000000000e+00 -3.000000000000000000e+00 2.670000000000000000e+02
0.000000000000000000e+00 -2.000000000000000000e+00 -2.000000000000000000e+00 2.700000000000000000e+02
0.000000000000000000e+00 -2.000000000000000000e+00 -1.000000000000000000e+00 2.700000000000000000e+02
-1.000000000000000000e+00 -3.000000000000000000e+00 -2.000000000000000000e+00 2.720000000000000000e+02
-1.000000000000000000e+00 -3.000000000000000000e+00 -4.000000000000000000e+00 2.730000000000000000e+02
-2.000000000000000000e+00 -4.000000000000000000e+00 -3.000000000000000000e+00 2.730000000000000000e+02
1.000000000000000000e+00 2.000000000000000000e+00 -1.000000000000000000e+00 2.910000000000000000e+02
2.000000000000000000e+00 1.000000000000000000e+00 -1.000000000000000000e+00 3.220000000000000000e+02
-4.000000000000000000e+00 -4.000000000000000000e+00 -2.000000000000000000e+00 3.380000000000000000e+02
-1.000000000000000000e+00 -1.000000000000000000e+00 -5.000000000000000000e+00 5.240000000000000000e+02
0.000000000000000000e+00 1.000000000000000000e+00 -4.000000000000000000e+00 6.170000000000000000e+02
1.000000000000000000e+00 0.000000000000000000e+00 -4.000000000000000000e+00 6.650000000000000000e+02
-2.000000000000000000e+00 -1.000000000000000000e+00 -5.000000000000000000e+00 8.310000000000000000e+02
-1.000000000000000000e+00 -2.000000000000000000e+00 -5.000000000000000000e+00 8.700000000000000000e+02
0.000000000000000000e+00 1.000000000000000000e+00 1.000000000000000000e+00 9.940000000000000000e+02
1.000000000000000000e+00 2.000000000000000000e+00 -3.000000000000000000e+00 1.024000000000000000e+03
1.000000000000000000e+00 0.000000000000000000e+00 1.000000000000000000e+00 1.074000000000000000e+03
2.000000000000000000e+00 1.000000000000000000e+00 -3.000000000000000000e+00 1.123000000000000000e+03
-2.000000000000000000e+00 -2.000000000000000000e+00 0.000000000000000000e+00 1.269000000000000000e+03
-3.000000000000000000e+00 -2.000000000000000000e+00 -5.000000000000000000e+00 1.522000000000000000e+03
-2.000000000000000000e+00 -3.000000000000000000e+00 -5.000000000000000000e+00 1.630000000000000000e+03
-2.000000000000000000e+00 -1.000000000000000000e+00 0.000000000000000000e+00 1.958000000000000000e+03
-3.000000000000000000e+00 -3.000000000000000000e+00 -1.000000000000000000e+00 1.985000000000000000e+03
1.000000000000000000e+00 2.000000000000000000e+00 -2.000000000000000000e+00 2.084000000000000000e+03
-1.000000000000000000e+00 -2.000000000000000000e+00 0.000000000000000000e+00 2.114000000000000000e+03
2.000000000000000000e+00 1.000000000000000000e+00 -2.000000000000000000e+00 2.336000000000000000e+03
-4.000000000000000000e+00 -3.000000000000000000e+00 -2.000000000000000000e+00 2.362000000000000000e+03
-3.000000000000000000e+00 -3.000000000000000000e+00 -5.000000000000000000e+00 2.499000000000000000e+03
-3.000000000000000000e+00 -4.000000000000000000e+00 -2.000000000000000000e+00 2.572000000000000000e+03
0.000000000000000000e+00 1.000000000000000000e+00 -1.000000000000000000e+00 2.785000000000000000e+03
-2.000000000000000000e+00 -2.000000000000000000e+00 -5.000000000000000000e+00 2.981000000000000000e+03
-1.000000000000000000e+00 0.000000000000000000e+00 0.000000000000000000e+00 3.051000000000000000e+03
0.000000000000000000e+00 1.000000000000000000e+00 -2.000000000000000000e+00 3.095000000000000000e+03
1.000000000000000000e+00 0.000000000000000000e+00 -1.000000000000000000e+00 3.139000000000000000e+03
-4.000000000000000000e+00 -4.000000000000000000e+00 -4.000000000000000000e+00 3.325000000000000000e+03
0.000000000000000000e+00 -1.000000000000000000e+00 0.000000000000000000e+00 3.334000000000000000e+03
-3.000000000000000000e+00 -2.000000000000000000e+00 -1.000000000000000000e+00 3.481000000000000000e+03
1.000000000000000000e+00 1.000000000000000000e+00 1.000000000000000000e+00 3.529000000000000000e+03
1.000000000000000000e+00 0.000000000000000000e+00 -2.000000000000000000e+00 3.532000000000000000e+03
-2.000000000000000000e+00 -3.000000000000000000e+00 -1.000000000000000000e+00 3.838000000000000000e+03
1.000000000000000000e+00 1.000000000000000000e+00 -1.000000000000000000e+00 3.900000000000000000e+03
-4.000000000000000000e+00 -4.000000000000000000e+00 -3.000000000000000000e+00 3.907000000000000000e+03
-1.000000000000000000e+00 0.000000000000000000e+00 -4.000000000000000000e+00 3.931000000000000000e+03
0.000000000000000000e+00 0.000000000000000000e+00 -4.000000000000000000e+00 4.347000000000000000e+03
0.000000000000000000e+00 -1.000000000000000000e+00 -4.000000000000000000e+00 4.363000000000000000e+03
-4.000000000000000000e+00 -3.000000000000000000e+00 -4.000000000000000000e+00 4.606000000000000000e+03
0.000000000000000000e+00 1.000000000000000000e+00 0.000000000000000000e+00 4.807000000000000000e+03
-3.000000000000000000e+00 -4.000000000000000000e+00 -4.000000000000000000e+00 5.050000000000000000e+03
0.000000000000000000e+00 1.000000000000000000e+00 -3.000000000000000000e+00 5.105000000000000000e+03
-4.000000000000000000e+00 -3.000000000000000000e+00 -3.000000000000000000e+00 5.273000000000000000e+03
-1.000000000000000000e+00 0.000000000000000000e+00 -2.000000000000000000e+00 5.326000000000000000e+03
1.000000000000000000e+00 0.000000000000000000e+00 0.000000000000000000e+00 5.357000000000000000e+03
-1.000000000000000000e+00 0.000000000000000000e+00 -1.000000000000000000e+00 5.441000000000000000e+03
-1.000000000000000000e+00 -1.000000000000000000e+00 0.000000000000000000e+00 5.447000000000000000e+03
-2.000000000000000000e+00 -1.000000000000000000e+00 -4.000000000000000000e+00 5.623000000000000000e+03
-3.000000000000000000e+00 -2.000000000000000000e+00 -2.000000000000000000e+00 5.652000000000000000e+03
-1.000000000000000000e+00 0.000000000000000000e+00 -3.000000000000000000e+00 5.657000000000000000e+03
-3.000000000000000000e+00 -2.000000000000000000e+00 -3.000000000000000000e+00 5.660000000000000000e+03
-2.000000000000000000e+00 -1.000000000000000000e+00 -3.000000000000000000e+00 5.663000000000000000e+03
-2.000000000000000000e+00 -1.000000000000000000e+00 -1.000000000000000000e+00 5.664000000000000000e+03
-2.000000000000000000e+00 -1.000000000000000000e+00 -2.000000000000000000e+00 5.669000000000000000e+03
-3.000000000000000000e+00 -2.000000000000000000e+00 -4.000000000000000000e+00 5.670000000000000000e+03
1.000000000000000000e+00 0.000000000000000000e+00 -3.000000000000000000e+00 5.676000000000000000e+03
-3.000000000000000000e+00 -4.000000000000000000e+00 -3.000000000000000000e+00 5.869000000000000000e+03
0.000000000000000000e+00 0.000000000000000000e+00 0.000000000000000000e+00 5.977000000000000000e+03
0.000000000000000000e+00 -1.000000000000000000e+00 -2.000000000000000000e+00 6.004000000000000000e+03
0.000000000000000000e+00 -1.000000000000000000e+00 -1.000000000000000000e+00 6.128000000000000000e+03
1.000000000000000000e+00 1.000000000000000000e+00 -3.000000000000000000e+00 6.265000000000000000e+03
-1.000000000000000000e+00 -2.000000000000000000e+00 -4.000000000000000000e+00 6.325000000000000000e+03
-1.000000000000000000e+00 -2.000000000000000000e+00 -1.000000000000000000e+00 6.357000000000000000e+03
-2.000000000000000000e+00 -3.000000000000000000e+00 -2.000000000000000000e+00 6.362000000000000000e+03
0.000000000000000000e+00 -1.000000000000000000e+00 -3.000000000000000000e+00 6.370000000000000000e+03
-2.000000000000000000e+00 -3.000000000000000000e+00 -3.000000000000000000e+00 6.376000000000000000e+03
-1.000000000000000000e+00 -2.000000000000000000e+00 -3.000000000000000000e+00 6.377000000000000000e+03
-1.000000000000000000e+00 -2.000000000000000000e+00 -2.000000000000000000e+00 6.387000000000000000e+03
-2.000000000000000000e+00 -3.000000000000000000e+00 -4.000000000000000000e+00 6.401000000000000000e+03
1.000000000000000000e+00 1.000000000000000000e+00 0.000000000000000000e+00 7.430000000000000000e+03
1.000000000000000000e+00 1.000000000000000000e+00 -2.000000000000000000e+00 8.466000000000000000e+03
-3.000000000000000000e+00 -3.000000000000000000e+00 -2.000000000000000000e+00 8.841000000000000000e+03
-1.000000000000000000e+00 -1.000000000000000000e+00 -4.000000000000000000e+00 8.858000000000000000e+03
-2.000000000000000000e+00 -2.000000000000000000e+00 -1.000000000000000000e+00 8.996000000000000000e+03
0.000000000000000000e+00 0.000000000000000000e+00 -2.000000000000000000e+00 9.175000000000000000e+03
0.000000000000000000e+00 0.000000000000000000e+00 -1.000000000000000000e+00 9.199000000000000000e+03
-3.000000000000000000e+00 -3.000000000000000000e+00 -4.000000000000000000e+00 9.258000000000000000e+03
-3.000000000000000000e+00 -3.000000000000000000e+00 -3.000000000000000000e+00 9.261000000000000000e+03
-1.000000000000000000e+00 -1.000000000000000000e+00 -2.000000000000000000e+00 9.261000000000000000e+03
-2.000000000000000000e+00 -2.000000000000000000e+00 -4.000000000000000000e+00 9.261000000000000000e+03
-2.000000000000000000e+00 -2.000000000000000000e+00 -2.000000000000000000e+00 9.261000000000000000e+03
-1.000000000000000000e+00 -1.000000000000000000e+00 -1.000000000000000000e+00 9.261000000000000000e+03
-2.000000000000000000e+00 -2.000000000000000000e+00 -3.000000000000000000e+00 9.261000000000000000e+03
-1.000000000000000000e+00 -1.000000000000000000e+00 -3.000000000000000000e+00 9.261000000000000000e+03
0.000000000000000000e+00 0.000000000000000000e+00 -3.000000000000000000e+00 9.261000000000000000e+03
