3.871385606449963268e-02
3.872800996172205690e-02
3.874216385894448805e-02
3.866755646084110709e-02
3.852168967004315075e-02
3.837582287924520136e-02
3.818221742384240308e-02
3.798313467970849955e-02
3.776977430610003322e-02
3.751106784343677392e-02
3.725236138077351461e-02
3.691490916659288107e-02
3.652086588652282001e-02
3.612682260645275895e-02
3.566483860622820384e-02
3.519728535174423273e-02
3.471571428357340255e-02
3.419558621986890090e-02
3.367545815616439231e-02
3.173608526987324596e-02
2.888555945050041290e-02
2.603503363112756944e-02
2.747770192113574775e-02
2.913966868952243272e-02
3.012380624330335960e-02
2.947858232926210340e-02
2.883335841522085066e-02
2.815379929467816747e-02
2.745460429413009232e-02
2.675540929358202064e-02
2.612688870224919024e-02
2.549991614671621651e-02
2.490018935214626666e-02
2.435810681166586389e-02
2.381602427118546805e-02
2.320686422999178669e-02
2.256366108844863258e-02
2.192069599680917386e-02
2.131904075533057677e-02
2.071738551385197968e-02
2.012781369823546385e-02
1.956086922857633997e-02
1.899392475891721610e-02
1.843877003739181897e-02
1.788889965310589900e-02
1.733988840170174600e-02
1.681613677090613990e-02
1.629238514011053379e-02
1.578043945950253699e-02
1.528814676674867916e-02
1.479585407399482654e-02
1.430121725694602150e-02
1.380565826227721921e-02
1.331299825584034320e-02
1.286570976303273196e-02
1.241842127022511379e-02
1.199721051019365589e-02
1.161472025812685868e-02
1.123223000606006668e-02
1.058519073240524189e-02
9.847521509368108161e-03
9.173037015374981007e-03
9.159789317400565678e-03
9.146541619426148614e-03
8.996447823447443343e-03
8.664663650068290396e-03
8.332879476689135714e-03
7.992573274987806176e-03
7.649750159255317566e-03
7.317081205027086040e-03
7.063030077114413469e-03
6.808978949201743500e-03
6.550756537354083565e-03
6.287573331088785154e-03
6.024390124823487611e-03
5.781079509034216420e-03
5.542763131811055156e-03
5.307516608925964309e-03
5.090887873607063095e-03
4.874259138288162749e-03
4.664942050916574823e-03
4.463422008832022662e-03
4.261901966747471369e-03
4.077836615857256299e-03
3.897439864700883317e-03
3.712018178352844734e-03
3.501837389773912630e-03
3.291656601194980526e-03
3.138894317795039562e-03
3.041056460619561471e-03
