4.032159303692918473e-02
4.032069664980836299e-02
4.031980026268754819e-02
4.021319685424421669e-02
4.002172967589592845e-02
3.983026249754764020e-02
3.959409546812366759e-02
3.935279980779630982e-02
3.909821249453393488e-02
3.880141057703699603e-02
3.850460865954005024e-02
3.812523440273343778e-02
3.768651908174906751e-02
3.724780376076470417e-02
3.673275903209198556e-02
3.621145740949878455e-02
3.567219875983648758e-02
3.508354802750218021e-02
3.449489729516787284e-02
3.238655837927351816e-02
2.930258205129637403e-02
2.621860572331922296e-02
2.775332959662304630e-02
2.952397896046413464e-02
3.056902860154844109e-02
2.986988633728681133e-02
2.917074407302518504e-02
2.843196458065765445e-02
2.767051704769447895e-02
2.690906951473131040e-02
2.622941571359741625e-02
2.555155350331629951e-02
2.490437465081787871e-02
2.432211302616809831e-02
2.373985140151832138e-02
2.309175740419994530e-02
2.241025223256576035e-02
2.172901689806632647e-02
2.109460759219207796e-02
2.046019828631782250e-02
1.983855492495961020e-02
1.924081698962332859e-02
1.864307905428704351e-02
1.806126354553824753e-02
1.748658470084747327e-02
1.691295495844242699e-02
1.637017018342184355e-02
1.582738540840126704e-02
1.529871577850058957e-02
1.479354317943544321e-02
1.428837058037030032e-02
1.380319997525417466e-02
1.332589814706892743e-02
1.284830020302970936e-02
1.236606780606097633e-02
1.188383540909223636e-02
1.144028313468825955e-02
1.105416353691682056e-02
1.066804393914538678e-02
1.002198459308277327e-02
9.286874355473994508e-03
8.612233128885827746e-03
8.570408339285807628e-03
8.528583549685789245e-03
8.377122135429968322e-03
8.080096324372714606e-03
7.783070513315462624e-03
7.461545568510702039e-03
7.132784997262430274e-03
6.812608314314083820e-03
6.558891736337743236e-03
6.305175158361405255e-03
6.051345123926223091e-03
5.797380158813474071e-03
5.543415193700725052e-03
5.309759471876391093e-03
5.081207725107643979e-03
4.855778718797092858e-03
4.649288239228368570e-03
4.442797759659643415e-03
4.243760780015129810e-03
4.052672114741709408e-03
3.861583449468289006e-03
3.687705373068483113e-03
3.517444591357999240e-03
3.344222187664381857e-03
3.156407137766831326e-03
2.968592087869280360e-03
2.825760091676615161e-03
2.725957227065541489e-03
