6.053542161361944451e-01
2.059630422023177865e-01
9.169465293102138648e-02
4.500173034396671989e-02
3.098599648170262399e-02
2.655606791567395250e-02
2.444069435707645413e-02
2.327370900942612661e-02
2.214354132763316288e-02
2.095800113676245593e-02
2.028995253466076010e-02
1.899510337875907201e-02
1.857308284537898327e-02
1.921925065699739074e-02
2.058202384727647605e-02
2.448303977317960525e-02
2.944361727167516332e-02
2.893742021563557726e-02
2.044192665291526961e-02
1.451600639790727107e-02
1.074812115497807662e-02
8.653322082808920929e-03
7.557759159269236519e-03
7.068573383075025564e-03
7.749504850240697233e-03
7.959039949789387114e-03
6.842683988482600038e-03
5.286136540957623621e-03
3.578082967482115045e-03
2.403003055025948551e-03
1.658809607275815376e-03
8.969649671223560352e-04
5.036942403870993921e-04
3.029039615142799626e-04
1.848986539192455116e-04
1.316174389288431927e-04
1.107708222509158993e-04
9.463341718870944114e-05
7.755165687036729327e-05
6.812531021422951012e-05
6.988294839998612806e-05
7.631635203740285605e-05
8.545475953505800217e-05
9.143923217733698403e-05
8.038220901345536457e-05
7.115455547933547894e-05
6.809959284067894564e-05
7.314654707450858606e-05
9.408099281715058787e-05
1.275782475639901045e-04
1.498421687559774195e-04
1.474816757739050755e-04
1.620744340099191565e-04
1.967543751552857636e-04
2.002630884525935604e-04
1.338766449509956353e-04
7.553913079273938749e-05
4.771357711278337250e-05
3.845513295321810004e-05
3.473861095139091013e-05
3.498120114967753785e-05
4.036446818810624648e-05
4.532068661051493754e-05
3.721502440339913715e-05
2.777806332335440377e-05
2.331712441108795214e-05
9.944384065033407967e-06
0.000000000000000000e+00
0.000000000000000000e+00
0.000000000000000000e+00
0.000000000000000000e+00
0.000000000000000000e+00
0.000000000000000000e+00
0.000000000000000000e+00
0.000000000000000000e+00
0.000000000000000000e+00
0.000000000000000000e+00
0.000000000000000000e+00
0.000000000000000000e+00
0.000000000000000000e+00
0.000000000000000000e+00
0.000000000000000000e+00
0.000000000000000000e+00
0.000000000000000000e+00
0.000000000000000000e+00
0.000000000000000000e+00
0.000000000000000000e+00
0.000000000000000000e+00
0.000000000000000000e+00
0.000000000000000000e+00
