3.794625885004175303e-01
1.245225315396351479e-01
5.871805978878780197e-02
3.684436310802876452e-02
3.378974842297649550e-02
4.284190990112761444e-02
5.957451269369087865e-02
7.249302285265532553e-02
7.164516901908757340e-02
6.752667577726292891e-02
7.318176392138699138e-02
6.147388942139100226e-02
4.435182280081689105e-02
3.272133200175150747e-02
2.618709639636495473e-02
2.429549302919453355e-02
2.312515217462081385e-02
1.872648338988201072e-02
1.440919682375108556e-02
1.145319554182924054e-02
9.397694561289934509e-03
8.352809606502632073e-03
7.939632869005406116e-03
7.850383381011237158e-03
8.645091790106739296e-03
9.407614908021163375e-03
1.015392473162523256e-02
1.246301222197728799e-02
1.737748406394737377e-02
2.093194969153068866e-02
2.003612585778296803e-02
1.225591504569659151e-02
8.143010628503401238e-03
6.414577813102002694e-03
5.344943632066765683e-03
4.548457676198412909e-03
3.792376862018471007e-03
3.027298372110358467e-03
2.371329816789970006e-03
1.907621856465770453e-03
1.642863530723566055e-03
1.538019921528137931e-03
1.675787384413062126e-03
1.975027630996963740e-03
1.992057428983098812e-03
1.863427919018005759e-03
1.717894556971023097e-03
1.748100533569922664e-03
2.181391031461009985e-03
3.047136799767762201e-03
3.775321467731069039e-03
3.501365290163286400e-03
3.459303526850758276e-03
3.724988468993532201e-03
3.546445806818149683e-03
2.618228548999776417e-03
2.165137004660811805e-03
2.166932737556125001e-03
2.112171631262195221e-03
1.921930089473838140e-03
1.768005029765375505e-03
1.720098913739910758e-03
1.624850389759404604e-03
8.891857457915660007e-04
5.147253227351484498e-04
3.886410420278957659e-04
1.918000725338054864e-04
2.901065063497090324e-05
8.106110038018251419e-06
0.000000000000000000e+00
0.000000000000000000e+00
0.000000000000000000e+00
0.000000000000000000e+00
0.000000000000000000e+00
0.000000000000000000e+00
0.000000000000000000e+00
0.000000000000000000e+00
0.000000000000000000e+00
0.000000000000000000e+00
0.000000000000000000e+00
0.000000000000000000e+00
0.000000000000000000e+00
0.000000000000000000e+00
0.000000000000000000e+00
0.000000000000000000e+00
0.000000000000000000e+00
0.000000000000000000e+00
0.000000000000000000e+00
0.000000000000000000e+00
0.000000000000000000e+00
