3.378426838988774494e-01
2.230797798189697867e-01
1.181225333114837156e-01
6.907632244061696902e-02
5.653593148381391709e-02
5.189291640227535612e-02
5.250915882516023897e-02
5.450754832273367601e-02
5.372860430343812804e-02
5.251925450635314824e-02
5.131728050735479690e-02
4.608016023658723093e-02
4.184930895957045954e-02
3.875898789868964522e-02
3.742157968056036149e-02
3.880936345410859745e-02
3.921765670141007937e-02
3.758377092844607248e-02
3.078280159426571502e-02
2.500954163400759614e-02
2.039251708219840323e-02
1.747600249703370329e-02
1.600982852666530884e-02
1.534168427579493676e-02
1.530126239991737649e-02
1.520541057199804175e-02
1.467142202041236097e-02
1.403180099092840236e-02
1.357631808312405319e-02
1.287685678901487329e-02
1.129910982370684568e-02
8.983433290180514036e-03
7.094393415318542631e-03
5.857316106159573751e-03
4.975109087657374543e-03
4.315603712228222900e-03
3.767085039716665598e-03
3.268362699104715441e-03
2.824439055683841421e-03
2.489147177207804568e-03
2.259725906262191348e-03
2.107153419066747080e-03
2.029976885200555827e-03
1.991680439504085048e-03
1.918270622066149374e-03
1.817748343103391725e-03
1.718127676008842286e-03
1.693495218923176185e-03
1.750350809442908009e-03
1.902833427056747212e-03
1.990962877434773043e-03
1.992781623517341817e-03
1.948478442881414934e-03
1.948358768170838865e-03
1.783592253682082145e-03
1.561220112889407123e-03
1.315274418829157511e-03
1.216264798207616644e-03
1.125829398574560141e-03
1.042641373970698776e-03
9.665205017048429355e-04
9.019948701662236197e-04
7.906179009529607513e-04
6.190645370738731210e-04
4.797886269163377255e-04
3.772058323435773940e-04
2.978581219504432536e-04
2.293518157185674882e-04
1.986451512321201222e-04
1.785546212496969345e-04
1.638464867550157322e-04
1.502347008776681165e-04
1.365376747918044351e-04
1.235138122850222933e-04
1.122670852292732249e-04
1.027944858092828492e-04
9.384251547731288035e-05
8.521649262488101089e-05
7.674054061455057654e-05
6.759432430815749454e-05
5.812561460421570252e-05
4.855558852822740513e-05
4.048768244323064310e-05
3.342308235231258623e-05
2.734050928116343702e-05
2.254605148052686993e-05
1.864258106762650544e-05
1.529186888465183279e-05
1.239020317777298994e-05
9.924516720015118796e-06
