1.321988030394586899e-01
1.051015597691599829e-01
8.001472234922138438e-02
6.842711286664429626e-02
5.909653337720938149e-02
6.019170958688314227e-02
6.152579252227967366e-02
6.367668986062106906e-02
6.494909660560864439e-02
6.390122853788383905e-02
6.170294158867541817e-02
5.709308914013385555e-02
5.242568218219409437e-02
4.766082514368793349e-02
4.404587826184625660e-02
4.202121542636862161e-02
3.989780742646489853e-02
3.766214279272092624e-02
3.400191707174590044e-02
2.900718431163407454e-02
2.649632221005169055e-02
2.590049332506655366e-02
2.521412631610957938e-02
2.447059916130408033e-02
2.378280724666399781e-02
2.312355748156225826e-02
2.282795004983683915e-02
2.268111222456688919e-02
2.243207578407412084e-02
2.215041218455372080e-02
2.040687010839457513e-02
1.831223102020173091e-02
1.635265132025164048e-02
1.441603572293638676e-02
1.330187646625759224e-02
1.227604883219920485e-02
1.157178808485566715e-02
1.088397039333014252e-02
1.020895810153079480e-02
9.540085108907516917e-03
8.992823071596442799e-03
8.455979237685965280e-03
8.016829588861578912e-03
7.584252019804984569e-03
7.190520513143484893e-03
6.807881504428989899e-03
6.471612552499071518e-03
6.184012380519210775e-03
6.049374167497267515e-03
5.920475281698202655e-03
5.805647466434049088e-03
5.631921350424061098e-03
5.342863954336135937e-03
5.088760249888081913e-03
4.890165756092995641e-03
4.644281868171153127e-03
4.336907129539321198e-03
4.086470378464450784e-03
3.896964742626581914e-03
3.706691090390722924e-03
3.515740179953786518e-03
3.280445954822685650e-03
3.013006149547628118e-03
2.723566771427105536e-03
2.421099837719865172e-03
2.172866801968347059e-03
1.950578959966175899e-03
1.774545947836358214e-03
1.616080181678319514e-03
1.488818015464404756e-03
1.370714764440693996e-03
1.262374377952754081e-03
1.156156467038581617e-03
1.059325443057215549e-03
9.639000620374824210e-04
8.860021247482798403e-04
8.096678468394613191e-04
7.513092035024282597e-04
6.937359954273678237e-04
6.469076128214790600e-04
6.002877729658363240e-04
5.567640276278039728e-04
5.136434287607823460e-04
4.737371906182131164e-04
4.344685204835243100e-04
3.985525628695094536e-04
3.641031245256591054e-04
3.352337656628271334e-04
3.072562424314944220e-04
2.818644438393731830e-04
