1.076824014813500818e-01
9.527288752445528530e-02
8.335204675240315275e-02
7.323181914924499492e-02
6.371399464092449005e-02
5.999398850664931088e-02
5.627398237237413170e-02
5.517459272556692745e-02
5.414299526324724277e-02
5.458298201586671977e-02
5.527164069093763732e-02
5.358082955421583637e-02
5.103697905615457719e-02
4.812656514702193244e-02
4.498838460820220320e-02
4.317173930945796684e-02
4.269029160930998268e-02
4.114887451588732786e-02
3.786394269948857583e-02
3.477153019928357069e-02
3.223063056184134051e-02
2.988814652244527886e-02
2.877047228879136068e-02
2.765773377516170251e-02
2.678593663886296578e-02
2.591413950256422558e-02
2.498468539331356528e-02
2.404887724590311013e-02
2.294095262541210808e-02
2.178487670628502862e-02
2.033333952685648094e-02
1.873098649194445200e-02
1.724329194229693232e-02
1.585220561630203140e-02
1.464709375880669275e-02
1.369526832775600465e-02
1.276978801999314496e-02
1.190461228292138615e-02
1.107725658406790749e-02
1.041684217167853851e-02
9.765026815676487726e-03
9.236168185964139382e-03
8.707309556251791038e-03
8.202812000327300984e-03
7.699704336387207942e-03
7.319853306068931781e-03
6.965842752631922798e-03
6.641168330554367977e-03
6.328631169987919067e-03
6.049691272786109075e-03
5.794291388364234893e-03
5.537662748429341558e-03
5.279641076153023839e-03
5.020526206940284335e-03
4.759375143425364184e-03
4.492981498192927942e-03
4.209035950981971849e-03
3.931819535887884874e-03
3.708685952853189773e-03
3.485552369818492070e-03
3.275546558189602452e-03
3.065655746240707712e-03
2.845705603725920841e-03
2.624278562467579311e-03
2.420086039392123356e-03
2.221557793407315847e-03
2.049418386844420112e-03
1.892558926279876066e-03
1.752551696801857078e-03
1.628481150392301242e-03
1.511605979454190346e-03
1.405768997200686340e-03
1.303487661307846683e-03
1.210566970483506217e-03
1.119870933624689084e-03
1.041215861427749294e-03
9.630238546917704000e-04
8.970186165262147068e-04
8.310133783606590135e-04
7.720159889920024700e-04
7.136506671174640531e-04
6.605144229939377944e-04
6.087024128113179260e-04
5.617157570082468437e-04
5.170145971332997231e-04
4.761165474955731899e-04
4.382157435106586851e-04
4.028557407927113847e-04
3.707306278311179280e-04
3.400335230230790043e-04
