6.593674544852998198e-02
6.330432577310844688e-02
6.056702025464988370e-02
5.755257075444939613e-02
5.458389848734105515e-02
5.295519676530971442e-02
5.132649504327836676e-02
5.199424489967635621e-02
5.326686235118252566e-02
5.282069104856700059e-02
5.096826807375429147e-02
4.907575695125121484e-02
4.709338471519217834e-02
4.512534358677980362e-02
4.335694431496950330e-02
4.158854504315920991e-02
4.021232162021348699e-02
3.891902110915262253e-02
3.740011877105088589e-02
3.572047884699711129e-02
3.416237438207163357e-02
3.283765224750628819e-02
3.153853852867401913e-02
3.046757060519126800e-02
2.939660268170851687e-02
2.847247425187798830e-02
2.757236840178976106e-02
2.667040333170167185e-02
2.576728849533282961e-02
2.476045421764108689e-02
2.358176438310725584e-02
2.239797506986035414e-02
2.118147214068930376e-02
1.996496921151825338e-02
1.898408673184276418e-02
1.803133441253523817e-02
1.717745171069850335e-02
1.637637920286256002e-02
1.561179734711654402e-02
1.489965776091812730e-02
1.419713441039789116e-02
1.354196234910333418e-02
1.288679028780877894e-02
1.227125427825726672e-02
1.165882629554843009e-02
1.113204611451361695e-02
1.064451047652043014e-02
1.017879091912533493e-02
9.740362005944793941e-03
9.312625104976584439e-03
8.926932708350533013e-03
8.541240311724479853e-03
8.171821725412734341e-03
7.803059531841620433e-03
7.446303248282568586e-03
7.094222533599218485e-03
6.752804773712559570e-03
6.423022145103367275e-03
6.101485084632773254e-03
5.806540048594090349e-03
5.511595012555408311e-03
5.219217496259691280e-03
4.926852437596104979e-03
4.641313959502309412e-03
4.358006842922289466e-03
4.092174049130457153e-03
3.842986980536781168e-03
3.604153485254480826e-03
3.393224018545435827e-03
3.183068763336906106e-03
2.998732299250499427e-03
2.814395835164094917e-03
2.653833186778732211e-03
2.499681906510268885e-03
2.350392375794876313e-03
2.205144023804894281e-03
2.053822109083191984e-03
1.888632309807486420e-03
1.729189558176828225e-03
1.655142748539529694e-03
1.581095938902231813e-03
1.486813691889836029e-03
1.388135801221454177e-03
1.298599798210097736e-03
1.215683069266384033e-03
1.136035465295518561e-03
1.062776082219669092e-03
9.904634612136250377e-04
9.269647909837975142e-04
8.634661207539698824e-04
