6.082885599443379337e-02
5.983101812653461582e-02
5.789876423626859336e-02
5.599650322866189800e-02
5.421132026922099306e-02
5.242613730978008812e-02
5.163541918306815970e-02
5.100372864528366496e-02
5.032827563560227091e-02
4.961248033093727111e-02
4.878650899822500886e-02
4.745359115171263187e-02
4.612067330520025488e-02
4.476488509906517699e-02
4.340463425850941970e-02
4.209423043195814618e-02
4.083469489832119298e-02
3.954344924831749292e-02
3.807683249367420364e-02
3.661021573903090742e-02
3.521043868069531624e-02
3.382620501258858103e-02
3.257623736853944296e-02
3.147796393319435282e-02
3.039109245631857817e-02
2.938208796823296026e-02
2.837308348014733889e-02
2.735470683178820375e-02
2.633377733676577764e-02
2.526220545437823234e-02
2.412724835969224865e-02
2.299595664317000479e-02
2.189682120846219576e-02
2.079768577375438673e-02
1.981079535787550958e-02
1.885924937283329009e-02
1.782292151923505624e-02
1.666889733882744723e-02
1.557116251567197338e-02
1.514892931917421158e-02
1.472669612267645325e-02
1.413857373700718421e-02
1.349067750082914505e-02
1.286577334633609744e-02
1.227633383142383641e-02
1.169037049381417039e-02
1.116840725560719685e-02
1.064644401740022853e-02
1.016630116200618883e-02
9.703263438224071780e-03
9.237988714925423478e-03
8.768870784590503467e-03
8.303153437276937499e-03
7.964255869302699214e-03
7.625358301328465267e-03
7.274141862844720613e-03
6.917242489964519139e-03
6.571251061202795611e-03
6.246198576250227771e-03
5.921164709567060085e-03
5.622294529456671984e-03
5.323424349346283016e-03
5.037613127563753644e-03
4.758561975974292396e-03
4.488006350709578679e-03
4.235745744223650550e-03
3.983485137737721553e-03
3.768099706489291129e-03
3.553647843542643778e-03
3.354640754278191868e-03
3.164568685145353628e-03
2.981334123349165931e-03
2.814701762526183870e-03
2.648069401703201375e-03
2.499293029932442897e-03
2.351458323391632330e-03
2.212811368170223333e-03
2.080085505702337391e-03
1.970380164589165522e-03
1.924099082220659179e-03
1.877817999852153270e-03
1.718449511973188818e-03
1.549845946939789601e-03
1.427338332007769802e-03
1.337842118027227425e-03
1.251282140838724842e-03
1.173974527702667959e-03
1.096666914566611292e-03
1.028457102671927366e-03
9.612682848572383148e-04
