4.902926363427068807e-02
4.880537068217054297e-02
4.838403654511918422e-02
4.791892274091367337e-02
4.732006069625426664e-02
4.672119865159485991e-02
4.617130954561862732e-02
4.563220985076529151e-02
4.510314393765346014e-02
4.458962003656054274e-02
4.407609613546762534e-02
4.320133131328535159e-02
4.231353031268669102e-02
4.138822765616999300e-02
4.043072406829298360e-02
3.947676623436951332e-02
3.855124151492535928e-02
3.762571679548120523e-02
3.665675197888894343e-02
3.566769346967899046e-02
3.467764939029791688e-02
3.368474979530265701e-02
3.269185020030739713e-02
3.181340526597743051e-02
3.095849587027701272e-02
3.006327272477915535e-02
2.910815382242085136e-02
2.815303492006254737e-02
2.555665446740959176e-02
2.291844728871412704e-02
2.222474897362138740e-02
2.313489633464733269e-02
2.382971783283123826e-02
2.295820905852879318e-02
2.208670028422635156e-02
2.122700069916750795e-02
2.037251512932027400e-02
1.955137676940144065e-02
1.882199071732822832e-02
1.809260466525501251e-02
1.746855068623729204e-02
1.686464665928289614e-02
1.624936814106292884e-02
1.561787445879469875e-02
1.498638077652646346e-02
1.435235418441229913e-02
1.371828935400391629e-02
1.317673111825782076e-02
1.270845403720891227e-02
1.223598980995980329e-02
1.173570977638761607e-02
1.123542974281542539e-02
1.078556784827282983e-02
1.035693599783777362e-02
9.936610271799281233e-03
9.538013813449387410e-03
9.139417355099493587e-03
8.756264368456140312e-03
8.375849561795012735e-03
8.008404602559754046e-03
7.658705625283332083e-03
7.309006648006910987e-03
6.978814196044724576e-03
6.648717658062820550e-03
6.334500182149497595e-03
6.032361649321926061e-03
5.734669442982970149e-03
5.464106489991961760e-03
5.193543537000949034e-03
4.943717187012011162e-03
4.702210544555627224e-03
4.467895683042524824e-03
4.251489168959278649e-03
4.035082654876032474e-03
3.831427292815620805e-03
3.629858434041327315e-03
3.441057628684452991e-03
3.269028585935951445e-03
3.097171802655394532e-03
2.959011123953367208e-03
2.820850445251341619e-03
2.669709212426824973e-03
2.509088507992013068e-03
2.353518977851418951e-03
2.226395354032610456e-03
2.099271730213803696e-03
1.985041198312194680e-03
1.875734359507338390e-03
1.769851292524542586e-03
1.672091636591849445e-03
