4.101897450181528348e-02
4.097629008225657510e-02
4.093360566269787365e-02
4.082138161410876764e-02
4.062190286771940467e-02
4.042242412133004170e-02
4.015521794433016267e-02
3.987698774928158385e-02
3.957726606029465105e-02
3.922131498944628897e-02
3.886536391859793382e-02
3.841798148750351360e-02
3.793010015778425226e-02
3.743235397497084171e-02
3.685441099009986038e-02
3.627646800522887904e-02
3.567667252011623436e-02
3.505718808866978287e-02
3.443770365722333138e-02
3.374642200975923323e-02
3.305076398950039518e-02
3.235983658812423280e-02
3.167735380337141637e-02
3.099487101861860341e-02
3.028728071376731931e-02
2.957242453398696222e-02
2.882307018526420600e-02
2.792859850540080346e-02
2.703412682553739746e-02
2.623853288290697860e-02
2.550653587565800129e-02
2.477974510434681824e-02
2.425533573350369815e-02
2.373092636266057806e-02
2.315235847453329596e-02
2.250530369195198263e-02
2.185824890937067277e-02
2.120014040068166072e-02
2.054020387819856241e-02
1.989838734535016862e-02
1.930443789176683120e-02
1.871048843818349031e-02
1.812438299890208396e-02
1.754178349633608858e-02
1.696177398284430538e-02
1.640324231986359238e-02
1.584471065688287245e-02
1.531449669260024835e-02
1.480999422136315517e-02
1.430549175012606027e-02
1.382168843347318654e-02
1.333919170887740667e-02
1.286697769707562805e-02
1.241327348978475166e-02
1.195956928249388047e-02
1.152807605289842517e-02
1.110308163077038633e-02
1.068299167271631427e-02
1.028379062207243795e-02
9.884589571428554697e-03
9.507561992318858471e-03
9.144911574510248761e-03
8.782838216828570133e-03
8.445106955341372817e-03
8.107375693854175502e-03
7.780201878802772350e-03
7.466483163952000734e-03
7.152764449101233456e-03
6.861118845168000940e-03
6.573181348079894758e-03
6.291940410308883430e-03
6.028561519203254164e-03
5.765182628097622296e-03
5.515629420559241269e-03
5.272311500927695169e-03
5.032016539093833209e-03
4.817300840214981845e-03
4.602585141336127880e-03
4.397081906213129443e-03
4.200007978377097613e-03
4.002934050541067518e-03
3.821798206169100837e-03
3.641703121595677578e-03
3.468123475119432551e-03
3.306370937643279308e-03
3.144618400167127799e-03
3.000075425153311912e-03
2.860623285790473390e-03
2.722345190943812557e-03
2.589130605357707789e-03
