2.201752114125312965e-01
1.490144633749391212e-01
8.515441171280700716e-02
5.775228622950042551e-02
5.372684367698618568e-02
5.663727110712032942e-02
6.376276063072811029e-02
7.070734131824644997e-02
7.104757366002957542e-02
7.027058149387083175e-02
6.948084788086653085e-02
6.123513978343251424e-02
5.218282763139388963e-02
4.381362724229564964e-02
3.878521761061553413e-02
3.705512072768038512e-02
3.527034770147033371e-02
3.266938827780103277e-02
2.849543328170564896e-02
2.492124334481501599e-02
2.199037687948854347e-02
1.997068390038365254e-02
1.873107459189684090e-02
1.796461800887292140e-02
1.761506954750675230e-02
1.755377314681899267e-02
1.784769938804696768e-02
1.869852049257956020e-02
2.046701519127769667e-02
2.107101396155815209e-02
1.938276756692238964e-02
1.572618826780376039e-02
1.253951084561134854e-02
1.058007727000164454e-02
9.299017224109678431e-03
8.457881818726434298e-03
7.780222942115332628e-03
7.124033186291059069e-03
6.493521350814885316e-03
5.957018861126881296e-03
5.530276284437058744e-03
5.191120090404408374e-03
4.944144465856710989e-03
4.786814559867049769e-03
4.574161431217261750e-03
4.318936445061211625e-03
4.069241130412907387e-03
3.974624059044287207e-03
4.054186035458177614e-03
4.340427193201545041e-03
4.509035724671600284e-03
4.489207944461600340e-03
4.369736359123918903e-03
4.351196372234446275e-03
4.029409893203384808e-03
3.621781968384056236e-03
3.199918083635361170e-03
3.080551053650316343e-03
2.954047846191509234e-03
2.817855355707750333e-03
2.663661188145435323e-03
2.503453041183986011e-03
2.229748091442467460e-03
1.819073445166793446e-03
1.495751648418015920e-03
1.247839912881170549e-03
1.048004713693870445e-03
8.713791783769268698e-04
7.730281797990472183e-04
6.964460649375690815e-04
6.309153907454683298e-04
5.694668723374996791e-04
5.114482037217462458e-04
4.564864649030440469e-04
4.051372627387164922e-04
3.625988336760547310e-04
3.267485981126486247e-04
2.975863975749686269e-04
2.772197663454501956e-04
2.588610604771885110e-04
2.409949461985002380e-04
2.223961053113765929e-04
2.049390746633774339e-04
1.877182760793469048e-04
1.705987381868287705e-04
1.533336215306820819e-04
1.385934646462993883e-04
1.255512462046563034e-04
1.140357789885437702e-04
1.029808859393819621e-04
