1.791466973543956176e-01
1.386905723354109887e-01
1.009113464233385160e-01
8.110663605649985619e-02
6.434576138067872597e-02
6.164508413209534438e-02
5.965932117373927424e-02
6.011782715491231777e-02
6.008534795294585840e-02
5.875607563506865527e-02
5.672038785559981727e-02
5.320387671449340605e-02
4.991885002779401781e-02
4.702576793358100027e-02
4.499830213926819117e-02
4.416795229703721071e-02
4.255503760553326631e-02
4.005247838053081072e-02
3.542810692733105310e-02
2.881605422996673382e-02
2.511707960650555113e-02
2.366405174959960306e-02
2.296877520711908954e-02
2.275189576134606720e-02
2.227356832810555715e-02
2.166135275636150298e-02
2.096526792662877642e-02
2.023487136979640680e-02
1.931689231572146503e-02
1.833902708848273236e-02
1.664008194223268178e-02
1.476795618689090948e-02
1.310181650723207109e-02
1.147070057116392032e-02
1.039831816885943179e-02
9.385943620116608127e-03
8.639984431879433116e-03
7.907648171949097082e-03
7.279120684421111834e-03
6.659961823295386558e-03
6.225865122690558799e-03
5.803917993191351661e-03
5.495900531089625146e-03
5.192057431830686583e-03
4.912888037879671425e-03
4.640607147951135436e-03
4.397122325798245857e-03
4.185853675651552731e-03
4.075837795458205938e-03
3.968693556667465296e-03
3.868589702081683557e-03
3.747161965142783123e-03
3.583979022758667938e-03
3.408109186909398427e-03
3.212091566696044509e-03
2.996134457433300997e-03
2.754249840174094206e-03
2.549090188486805107e-03
2.383231067172122009e-03
2.232232356823017107e-03
2.094337969798510529e-03
1.937196989296027013e-03
1.766103670827571647e-03
1.583658390843842908e-03
1.394490784445081774e-03
1.240374823446192777e-03
1.103027373755038768e-03
9.971259742830723694e-04
9.031675546159361519e-04
8.305535352987809296e-04
7.642045479952813041e-04
7.046096054063873777e-04
6.464830120789589237e-04
5.938086067170876255e-04
5.419506413202596204e-04
4.995303354215161742e-04
4.579519825782172020e-04
4.227664781854660343e-04
3.878544967406857792e-04
3.563762884902836820e-04
3.250611994176912057e-04
2.961678315103658367e-04
2.677164493675133431e-04
2.427891007565101866e-04
2.185192488830085757e-04
1.977069066663231494e-04
1.778079031461092367e-04
1.613841369603690292e-04
1.455488533485836732e-04
1.314197741510172946e-04
