8.773728925808688128e-02
7.905970691134879547e-02
7.102951063538930077e-02
6.538473660185914471e-02
5.993721980556333817e-02
5.638820194503252337e-02
5.283918408450170162e-02
5.366523694036218206e-02
5.460446759334401656e-02
5.520893705543264418e-02
5.575683774758174310e-02
5.366032715210695969e-02
5.061579573924934045e-02
4.729708055945261447e-02
4.380799946035122266e-02
4.170442339303583740e-02
4.100067605157267647e-02
3.955510243369395051e-02
3.688931902199722723e-02
3.443284619440053346e-02
3.257598841700162784e-02
3.082622966438327422e-02
2.973758796621200212e-02
2.865213433504974413e-02
2.772230891059258157e-02
2.679248348613542247e-02
2.606947296987246337e-02
2.536925431643893489e-02
2.454424120682762583e-02
2.368431560441424527e-02
2.233917279163982403e-02
2.074635470461373005e-02
1.925068190423751338e-02
1.783686116703672372e-02
1.664904311449631746e-02
1.576902759434847812e-02
1.491122673266283630e-02
1.410427571620191146e-02
1.331988528407226230e-02
1.263507944119943681e-02
1.195590188598205823e-02
1.135720244296205793e-02
1.075850299994205936e-02
1.014226160266289666e-02
9.525019370123845655e-03
9.105438954810030072e-03
8.727297896293754673e-03
8.366536978928961268e-03
8.012966761512661795e-03
7.697831896709242915e-03
7.409626864907066859e-03
7.108470436805638948e-03
6.792631092761739625e-03
6.484586251393362373e-03
6.191059491266807241e-03
5.892717818987572645e-03
5.578256061091618062e-03
5.270746892451876053e-03
5.019116507374588206e-03
4.767486122297298623e-03
4.510043746038979763e-03
4.252550456559727431e-03
3.969099497415230771e-03
3.681837464614981341e-03
3.412138544544434608e-03
3.148211897073541904e-03
2.918223567281378293e-03
2.707886562548068518e-03
2.517849492454056655e-03
2.347009502141113139e-03
2.184788436158357702e-03
2.035789378310206166e-03
1.891219278566657128e-03
1.758308916782170888e-03
1.628537481948932799e-03
1.515755524617333873e-03
1.403748060230088079e-03
1.312123386329249516e-03
1.220498712428410735e-03
1.141191350003227956e-03
1.062994937945886155e-03
9.913517699947586165e-04
9.213681735171693745e-04
8.568783401199599106e-04
7.949905898367910393e-04
7.376633401643779495e-04
6.839302383808315870e-04
6.336024195134385643e-04
5.876101285624420710e-04
5.433694345306379608e-04
