7.590886143151426291e-02
7.203501730759812038e-02
6.791301642727314014e-02
6.313530120480345675e-02
5.844438259761650795e-02
5.629413541233743712e-02
5.414388822705837323e-02
5.428904839995190440e-02
5.503880112840939254e-02
5.426868313954359702e-02
5.225506112341787857e-02
5.028782957403724052e-02
4.842458634141028062e-02
4.657139015948084243e-02
4.485815607288154427e-02
4.314492198628224612e-02
4.164095433935027096e-02
4.018123465563996216e-02
3.835596739461454713e-02
3.627025350556778438e-02
3.435891179128865158e-02
3.278241379084510798e-02
3.125187603716510221e-02
3.013079887494158476e-02
2.900972171271807079e-02
2.800729632239037231e-02
2.702428206990467943e-02
2.598841010611851673e-02
2.491985023335161961e-02
2.376910090590785007e-02
2.248216964073006946e-02
2.119752091317515796e-02
1.992751487035881661e-02
1.865750882754247525e-02
1.761033911612185782e-02
1.658977329986989491e-02
1.567007672941091515e-02
1.480425843394996693e-02
1.399444819220840158e-02
1.326512950876374518e-02
1.255310172304363592e-02
1.192621601646210935e-02
1.129933030988058279e-02
1.072787434180319868e-02
1.016076484890629517e-02
9.661648586488319826e-03
9.193687394112016326e-03
8.749491031679559883e-03
8.335023085215356037e-03
7.932400559383228147e-03
7.576358118694063309e-03
7.220315678004897604e-03
6.880080589680784460e-03
6.540483079842633954e-03
6.210365239060814356e-03
5.883939150553266391e-03
5.566379160340911326e-03
5.258493619617500905e-03
4.960757265322173620e-03
4.695752119953043244e-03
4.430746974583912000e-03
4.176108302911597271e-03
3.921519929475990145e-03
3.678073671916725403e-03
3.438269367791441707e-03
3.214941852060856139e-03
3.007309828229490310e-03
2.808821130980822083e-03
2.634974713121615575e-03
2.461852474412060902e-03
2.312880523043140280e-03
2.163908571674220960e-03
2.033290344502151296e-03
1.907621784797087095e-03
1.787954822064261083e-03
1.673276500917749788e-03
1.561439513601402479e-03
1.456090199381814172e-03
1.352102656606125365e-03
1.268349808653551018e-03
1.184596960700977754e-03
1.105653865293679868e-03
1.027755568566568597e-03
9.571319494102862365e-04
8.917756324132073385e-04
8.292209209049905896e-04
7.721408470665437965e-04
7.158381513271959993e-04
6.667725138926627361e-04
6.177068764581295814e-04
