5.519252353206460793e-02
5.453197407651856621e-02
5.324725643332094138e-02
5.197536074436562986e-02
5.075351590892152043e-02
4.953167107347740405e-02
4.907585214085771058e-02
4.874253050364044104e-02
4.830319056034908243e-02
4.776611798012216081e-02
4.709600037602068578e-02
4.581371048519704281e-02
4.453142059437339983e-02
4.321450226445399528e-02
4.189082697632351415e-02
4.066134959604615629e-02
3.952800007546685562e-02
3.837984749943818691e-02
3.714982741601306065e-02
3.591980733258793440e-02
3.471912105242203062e-02
3.352525626870422187e-02
3.241823082541631790e-02
3.140931676304816594e-02
3.041149826439656575e-02
2.948945430376513285e-02
2.856741034313369995e-02
2.765399835699106426e-02
2.674293760115479396e-02
2.577555162415734805e-02
2.473766766539381087e-02
2.370093776339298602e-02
2.267433237592614628e-02
2.164772698845931001e-02
2.073236881916718649e-02
1.985204088684744753e-02
1.888492979611061315e-02
1.779734413753785924e-02
1.676271339001191019e-02
1.636356917667041236e-02
1.596442496332891453e-02
1.537166675988223784e-02
1.470914479570617321e-02
1.407136424574500534e-02
1.347174663160982840e-02
1.287585907643854811e-02
1.234864585047630581e-02
1.182143262451406870e-02
1.133102701310406343e-02
1.085567623976317272e-02
1.036069332952738696e-02
9.831982040678283186e-03
9.308988487779329760e-03
8.999229549934760139e-03
8.689470612090193988e-03
8.333522703559916381e-03
7.956266925120287700e-03
7.590411591382014572e-03
7.246440608022537526e-03
6.902484069929736878e-03
6.578827024858815292e-03
6.255169979787894574e-03
5.942249172557534376e-03
5.634886061399826604e-03
5.335479899926225296e-03
5.053208938595381110e-03
4.770937977264536924e-03
4.526474817571066352e-03
4.282968837469052284e-03
4.055458752504622483e-03
3.837202519232578001e-03
3.626459195765345620e-03
3.433958022884842868e-03
3.241456850004340116e-03
3.066093880999973265e-03
2.891634723632515586e-03
2.722236184950296237e-03
2.556098987545590145e-03
2.423961294650414829e-03
2.385496257468630588e-03
2.347031220286846347e-03
2.153443103612279891e-03
1.947187142971508727e-03
1.799238492460543577e-03
1.693046351770157191e-03
1.589965784342933525e-03
1.496690083023471734e-03
1.403414381704009943e-03
1.320751477561600724e-03
1.239279586808303586e-03
