5.272085334411298618e-02
5.234672641241534113e-02
5.168494070015239999e-02
5.096919761440411867e-02
5.008861307982147987e-02
4.920802854523883413e-02
4.845990149234929295e-02
4.774095664221740531e-02
4.705750680400590247e-02
4.642903762175147608e-02
4.580056843949704970e-02
4.485626804783194449e-02
4.390057018773240588e-02
4.290392136708934961e-02
4.187210985729777901e-02
4.083828162479213875e-02
3.978828145578063025e-02
3.873828128676911481e-02
3.762109333511118314e-02
3.647282693886418764e-02
3.533204063597200628e-02
3.421292658331236136e-02
3.309381253065272338e-02
3.212875035127442380e-02
3.119536616380568644e-02
3.021028639805068555e-02
2.914840043581553436e-02
2.808651447358038664e-02
2.528616169782751250e-02
2.244150496873464212e-02
2.167805117621266625e-02
2.263118936916528462e-02
2.335650954755592174e-02
2.242462864421705324e-02
2.149274774087818821e-02
2.057347830932763216e-02
1.965977711827086513e-02
1.878240620408795636e-02
1.800499527921162538e-02
1.722758435433529439e-02
1.658153457745276116e-02
1.596061409650332760e-02
1.533249250450620903e-02
1.469410520530146751e-02
1.405571790609672078e-02
1.342065380926894466e-02
1.278563988145544131e-02
1.224044747190090182e-02
1.176640917410132214e-02
1.129101898770457427e-02
1.080664801353705198e-02
1.032227703936952797e-02
9.873480078122985962e-03
9.439662603980309916e-03
9.018359148428951519e-03
8.629793037859259316e-03
8.241226927289567114e-03
7.870664829677508426e-03
7.503294904707526539e-03
7.150142300567157057e-03
6.816442532737115520e-03
6.482742764907073116e-03
6.170994083498373105e-03
5.859353336026458699e-03
5.564684207101726690e-03
5.282925111125987699e-03
5.005705080479217958e-03
4.756180149053744650e-03
4.506655217628268741e-03
4.278372881415336455e-03
4.058613261260723970e-03
3.845044410810849033e-03
3.646891276663375564e-03
3.448738142515902529e-03
3.268701260374207596e-03
3.091628786411045569e-03
2.925775410434376406e-03
2.774659131958633757e-03
2.623667539845895083e-03
2.497066158485733260e-03
2.370464777125572738e-03
2.236470289041637364e-03
2.097076744442966274e-03
1.961920089179726781e-03
1.850623659303961711e-03
1.739327229428197941e-03
1.639752810899722767e-03
1.544654866030271056e-03
1.452675959273698730e-03
1.368097437235699662e-03
