4.688457411199765945e-02
4.681608746318488556e-02
4.656897996286141900e-02
4.618878625128158139e-02
4.580179515483760039e-02
4.532539549497472536e-02
4.484899583511185034e-02
4.434991979353827135e-02
4.383361577402562770e-02
4.331193321650821798e-02
4.271399028196988523e-02
4.211604734743154554e-02
4.142375128774395537e-02
4.065836588824307818e-02
3.988812351002300749e-02
3.904325825444054932e-02
3.819839299885809808e-02
3.732595465344785979e-02
3.643173922926629810e-02
3.553563958862912542e-02
3.460797875666574847e-02
3.368031792470237151e-02
3.278761171567545762e-02
3.192305147086756112e-02
3.105459655519301337e-02
3.011450636770886952e-02
2.917441618022472566e-02
2.795636665981347802e-02
2.651013974854058916e-02
2.509615267126594912e-02
2.433892720550804092e-02
2.358170173975013620e-02
2.306077343286610029e-02
2.273759390680801101e-02
2.239375210969498167e-02
2.157884360840110066e-02
2.076393510710722312e-02
1.998609001469847310e-02
1.923986408456333438e-02
1.849802982073538507e-02
1.786970998674537736e-02
1.724139015275536965e-02
1.660970836310842608e-02
1.597510286571933100e-02
1.534153127460660161e-02
1.473876309015003695e-02
1.413599490569346709e-02
1.358433740093288426e-02
1.307798837355207688e-02
1.257215625358913506e-02
1.208446666814190322e-02
1.159677708269466964e-02
1.112742407136888337e-02
1.067464028711082036e-02
1.022271241785898711e-02
9.807256406638983209e-03
9.391800395418981040e-03
8.991539815606366948e-03
8.605275278870009453e-03
8.219688790190745470e-03
7.870767399426256694e-03
7.521846008661767051e-03
7.187232596510223157e-03
6.866052158466454461e-03
6.545235786385882569e-03
6.251255408735059520e-03
5.957275031084236470e-03
5.678450356977102209e-03
5.414128976970583249e-03
5.150010329777904641e-03
4.909228953862804570e-03
4.668447577947707101e-03
4.439687446461490494e-03
4.222652863052739867e-03
4.005728278630978599e-03
3.817340855262435755e-03
3.628953431893895513e-03
3.449823029779404936e-03
3.279895982890847824e-03
3.109968936002290713e-03
2.954849799834046928e-03
2.799744487808525622e-03
2.650901441123533746e-03
2.508404351504055999e-03
2.365907261884578252e-03
2.245172980360816972e-03
2.124563571882605393e-03
2.010344272569858457e-03
1.902725304514799303e-03
1.795106336459740366e-03
