4.431755245761129225e-02
4.429131321285595391e-02
4.413504372415504723e-02
4.388189174738459097e-02
4.362109017943898576e-02
4.325967065747415852e-02
4.289825113550932434e-02
4.250449573751419879e-02
4.208617373246519022e-02
4.166071927216945248e-02
4.113413626621325453e-02
4.060755326025704964e-02
3.998512466064099019e-02
3.928845060117894250e-02
3.858849797045194735e-02
3.783817319778789989e-02
3.708784842512385244e-02
3.631122606082568677e-02
3.551383399940290925e-02
3.471493468922072501e-02
3.389078850979996421e-02
3.306664233037919648e-02
3.226680450063938721e-02
3.148654010304866024e-02
3.070264130082073911e-02
2.985189434300654018e-02
2.900114738519234125e-02
2.789141871653208829e-02
2.656909142619779535e-02
2.527617150355423656e-02
2.458231267396972231e-02
2.388845384438520805e-02
2.340399375244714766e-02
2.309477209872569728e-02
2.276628427315974951e-02
2.199855857055516700e-02
2.123083286795058797e-02
2.049805702749262284e-02
1.979509726159161750e-02
1.909597050627774226e-02
1.849591822086337281e-02
1.789586593544900336e-02
1.728859448802923943e-02
1.667504493286481315e-02
1.606223844225336192e-02
1.547157024417425593e-02
1.488090204609514473e-02
1.433992688526721654e-02
1.384300349341633860e-02
1.334631401456871230e-02
1.285783446769052894e-02
1.236935492081234385e-02
1.190108267849077257e-02
1.145107008573119020e-02
1.100175216578920014e-02
1.058203532562408677e-02
1.016231848545897341e-02
9.755583150404046819e-03
9.360804679214695251e-03
8.966687391217234918e-03
8.608323242273389908e-03
8.249959093329544899e-03
7.904709489604443140e-03
7.571772411018232521e-03
7.239168845148804925e-03
6.931149135818141620e-03
6.623129426487478315e-03
6.329693354133306832e-03
6.050213135132757013e-03
5.770929188506884744e-03
5.514238829793174576e-03
5.257548471079467010e-03
5.012922313320834940e-03
4.780063603529163471e-03
4.547305840511844770e-03
4.340736812830628746e-03
4.134167785149415325e-03
3.938328728848169806e-03
3.753157438717466890e-03
3.567986148586763540e-03
3.398414766798349852e-03
3.228857948533680328e-03
3.065860863096517112e-03
2.909511177700865783e-03
2.753161492305214453e-03
2.617509842798332494e-03
2.481976956769350699e-03
2.353928124823107069e-03
2.233609557699800519e-03
2.113290990576494402e-03
