4.296775015402611725e-02
4.289696536658091364e-02
4.282618057913571696e-02
4.266251048128957141e-02
4.238229274288045356e-02
4.210207500447134266e-02
4.176920328708910723e-02
4.142776106276008924e-02
4.106719211016673227e-02
4.065658084267338018e-02
4.024596957518002116e-02
3.974177647767352523e-02
3.919613194559765784e-02
3.863970034955005461e-02
3.799557479335251980e-02
3.735144923715498499e-02
3.668220901030944114e-02
3.599034064493916718e-02
3.529847227956889322e-02
3.452830359449881453e-02
3.375336214235000187e-02
3.298505903065623163e-02
3.222860600487057608e-02
3.147215297908491360e-02
3.069087254564197009e-02
2.990240729911738948e-02
2.907746147223466346e-02
2.809905925556859668e-02
2.712065703890252991e-02
2.625335580400674218e-02
2.545751334391899157e-02
2.466757086491570827e-02
2.410697766029732889e-02
2.354638445567894950e-02
2.293034562880648733e-02
2.224419228126999978e-02
2.155803893373351224e-02
2.086077942646355488e-02
2.016168323417044661e-02
1.948289354862322090e-02
1.885774700457867881e-02
1.823260046053412978e-02
1.761977065571348686e-02
1.701244590310170210e-02
1.640835007472005169e-02
1.583103055694791428e-02
1.525371103917577166e-02
1.470808062046572752e-02
1.419122280996940044e-02
1.367436499947307163e-02
1.318390814989282150e-02
1.269511780730406790e-02
1.221713316148671964e-02
1.175859973820662929e-02
1.130006631492654588e-02
1.086739532702136850e-02
1.044229154261550746e-02
1.002293848918892061e-02
9.628078731085804726e-03
9.233218972982683639e-03
8.860578410796985868e-03
8.502344657359875088e-03
8.144757908946599276e-03
7.814463738539422985e-03
7.484169568132246694e-03
7.165382200913633474e-03
6.861259856229836793e-03
6.557137511546044448e-03
6.276254433913911086e-03
5.999275368070234107e-03
5.729224811004545413e-03
5.477654990277296999e-03
5.226085169550045116e-03
4.989221473930108113e-03
4.758990139277500392e-03
4.531789809724442487e-03
4.330236836716951261e-03
4.128683863709457433e-03
3.936095258970612881e-03
3.751708956761526641e-03
3.567322654552442570e-03
3.398627718586787281e-03
3.230957431739528690e-03
3.069766544827804214e-03
2.920337348864526089e-03
2.770908152901249699e-03
2.638277782428909927e-03
2.510616745714531160e-03
2.384093450116459619e-03
2.262477091690833896e-03
